402
94.2092 376.485 416.145 381.131 
21.777 289.762 343.549 292.1 
76.1663 343.961 398.402 348.055 
722.085 491.607 790.218 510.176 
722.085 491.607 790.218 510.176 
21.777 289.762 343.549 292.1 
753.824 476.87 824.474 495.295 
525.224 686.307 579.12 710.092 
78.191 365.86 400.1 370.194 
69.0839 350.147 391.379 354.429 
774.064 544.944 837.789 567.644 
87.1511 373.376 408.924 377.854 
221.07 243.961 553.042 247.306 
1009.61 450.729 1113.44 472.641 
54.6821 356.842 375.98 360.752 
839.877 435.387 915.324 453.315 
733.496 476.246 802.718 494.255 
17.1611 293.967 338.83 296.36 
26.5933 339.897 347.473 343.314 
28.6165 344.463 349.702 347.855 
707.998 627.345 775.086 652.43 
931.951 401.107 1022.96 419.096 
841.235 463.17 914.571 482.539 
216.926 57.5822 551.766 56.7245 
880.164 607.191 945.546 635.2 
508.656 679.856 564.609 703.108 
54.9426 343.828 376.357 347.434 
840.416 399.831 919.232 415.84 
774.406 314.56 861.589 325.031 
749.114 336.104 834.217 347.596 
46.3867 337.392 368.164 340.869 
348.989 275.426 706.57 281.53 
15.4021 326.918 336.548 329.777 
552.34 658.882 605.108 682.303 
628.131 12.1487 1024.03 12.6069 
488.82 704.247 547.542 728.041 
714.504 477.569 781.491 495.338 
614.456 456.391 695.58 471.165 
223.631 43.5588 560.239 43.3298 
56.1727 297.966 378.379 300.622 
606.808 456.817 687.716 471.46 
926.268 14.6978 1350.51 15.7157 
855.776 514.792 926.136 537.41 
957.244 396.102 1055.77 413.97 
207.759 277.741 538.354 282.206 
839.103 19.0634 1252.03 20.2987 
910.664 7.40274 1333.44 7.91646 
942.524 14.5941 1367.1 15.6067 
818.08 326.837 908.046 338.623 
221.03 247.925 552.929 251.622 
811.824 332.894 900.738 344.827 
28.1161 311.68 350.005 314.418 
247.43 275.309 585.38 280.221 
17.7013 331.909 338.793 334.8 
35.5093 269.592 358.196 271.436 
748.444 380.822 830.354 394.289 
675.7 582.866 745.297 604.944 
223.631 43.5588 560.239 43.3298 
213.655 245.325 544.324 248.994 
62.6076 326.469 383.766 329.942 
224.07 185.974 557.998 188.218 
707.998 627.345 775.086 652.43 
62.0992 308.603 384.75 311.585 
228.809 245.137 561.82 248.795 
250.322 242.909 588.027 246.935 
62.6273 297.472 385.338 300.166 
402.037 550.01 464.397 564.741 
890.94 399.21 974.798 416.135 
90.1585 279.988 413.434 282.965 
1061.09 432.955 1178.57 454.877 
260.083 274.898 600.056 280.027 
597.01 458.318 677.998 473.12 
1001.29 458.858 1103.15 480.63 
440.383 642.048 496.877 661.086 
725.76 380.381 810.172 393.302 
221.894 240.474 553.936 244.218 
348.989 275.426 706.57 281.53 
761.389 328.087 847.016 339.208 
380.502 218.189 744.398 223.918 
275.285 205.786 618.375 209.349 
908.475 578.629 979.293 605.525 
330.31 624.256 400.757 636.53 
315.615 176.9 667.498 179.802 
496.415 634.744 548.964 655.787 
203.288 270.832 531.456 274.662 
57.0637 279.963 379.682 282.719 
29.1456 333.131 350.893 336.446 
250.322 242.909 588.027 246.935 
638.797 687.931 690.904 714.891 
727.768 345.882 812.614 357.37 
344.637 206.433 701.518 210.492 
247.425 248.668 584.32 253.251 
735.992 349.828 820.968 361.37 
23.4233 345.638 343.808 349.348 
221.894 240.474 553.936 244.218 
751.996 376.129 833.11 390.879 
896.584 398.987 981.463 416.147 
186.88 281.128 512.97 285.882 
293.392 202.961 640.013 206.104 
24.1002 282.005 346.065 283.985 
72.2088 303.623 395.073 306.989 
76.6979 344.976 398.402 348.055 
957.244 396.102 1055.77 413.97 
234.666 266.667 568.607 271.02 
685.932 514.124 753.773 532.529 
22.9802 326.187 344.071 329.247 
293.993 171.776 641.41 173.995 
629.965 461.395 710.866 476.659 
739.927 332.758 824.677 344.356 
246.562 269.809 582.976 274.188 
756.846 480.249 827.69 499.178 
276.359 171.994 620.492 174.628 
434.194 12.5561 814.911 13.1428 
756.118 439.021 830.785 455.602 
990.018 396.145 1098.04 414.885 
825.905 323.515 915.112 335.431 
205.735 258.592 534.647 262.349 
56.2986 315.084 378.021 318.269 
465.485 622.927 521.033 642.522 
970.188 264.013 1390.07 277.125 
869.505 7.1188 1287.16 7.66399 
565.667 539.543 648.565 557.46 
37.0449 320.631 358.73 323.603 
990.893 408.119 1097.92 427.565 
273.869 234.917 616.328 238.909 
906.868 3.94394 1330.04 4.65059 
224.07 185.974 557.998 188.218 
865.574 397.869 946.384 414.196 
23.7481 314.927 345.022 317.465 
839.103 19.0634 1252.03 20.2987 
919.181 610.092 991.721 638.967 
599.895 715.183 658.02 741.707 
308.199 152.596 658.903 155.161 
980.971 391.897 1087.99 409.999 
71.246 546.645 388.933 554.403 
621.442 465.343 701.888 480.628 
1022.56 390.65 1145.08 409.584 
818.175 467.936 890.808 487.172 
1000.7 471.449 1100.62 494.568 
806.356 322.001 895.724 333.522 
340.939 196.983 697.256 201.084 
219.316 262.985 550.703 267.027 
220.657 277.179 553.182 281.748 
395.462 654.914 456.989 672.489 
380.005 224.622 743.718 230.305 
935.26 394.764 1028.2 412.118 
207.759 277.741 538.354 282.206 
990.893 408.119 1097.92 427.565 
401.866 78.7148 773.114 80.0081 
547.869 500.187 631.824 515.832 
446.443 719.06 508.982 742.093 
219.316 262.985 550.703 267.027 
878.308 566.059 945.037 591.902 
794.829 318.547 883.243 329.683 
202.998 238.009 531.725 241.542 
463.8 653.087 520.309 673.952 
236.193 23.9021 578.557 23.4609 
594.546 471.483 675.852 486.567 
458.731 6.32648 863.166 6.83446 
698.145 435.37 770.346 451.542 
192.946 277.979 520.009 282.479 
995.009 439.477 1098.08 460.709 
23.7806 331.205 344.727 333.915 
242.119 213.69 579.47 216.833 
379.022 245.954 741.932 251.742 
229.606 14.1239 568.083 12.5122 
116.771 278.721 440.652 282.042 
26.8088 661.118 18.3461 725.806 
687.973 489.582 752.275 507.391 
1011.72 414.453 1120.66 437.498 
83.1183 278.542 406.856 281.453 
997.54 435.785 1101.67 456.929 
219.316 262.985 550.703 267.027 
862.01 428.474 939.781 446.824 
488.46 622.106 542.392 641.909 
723.979 587.125 787.589 610.551 
381.893 221.966 746.11 226.885 
764.187 471.982 836.103 490.348 
756.549 439.442 830.785 455.602 
599.895 715.183 658.02 741.707 
862.01 428.474 939.781 446.824 
307.802 236.859 657.081 241.416 
362.833 711.535 434.908 725.946 
380.747 240.006 744.031 245.62 
346.883 210.235 704.155 214.678 
910.4 14.7182 1333.01 15.573 
154.222 280.166 479.224 284.222 
215.704 22.5071 551.513 20.8656 
248.317 261.079 585.334 265.268 
1113.88 648.558 1325.51 683.485 
764.541 448.468 838.191 465.725 
300.984 177.879 649.692 180.104 
801.221 14.2118 1206.34 14.8331 
26.5918 304.895 348.662 307.987 
157.599 278.718 483.066 282.581 
908.82 399.379 995.637 416.554 
1008.74 469.452 1111.16 492.449 
96.3341 612.595 324.682 622.886 
628.131 12.1487 1024.03 12.6069 
272.329 274.16 614.635 279.409 
230.099 9.19503 569.041 7.00214 
137.338 849.417 155.877 862.644 
252.279 261.928 588.664 265.918 
193.367 262.983 1117.61 9.90436 
230.099 9.19503 569.041 7.00214 
522.539 791.365 578.955 820.581 
696.942 18.077 1127.22 19.2825 
1072.72 660.51 1273.91 695.195 
991.532 659.368 1086.55 692.641 
407.17 795.183 458.424 821.658 
236.376 46.9411 575.836 45.3594 
380.747 240.006 744.031 245.62 
788.982 530.489 854.049 552.718 
237.059 250.48 572.573 254.489 
508.133 695.521 579.12 710.092 
149.145 278.982 473.673 282.74 
1330.83 670.953 1277.07 851.339 
1012.01 370.378 1130.3 387.195 
944.003 263.946 1361.28 276.75 
234.666 266.667 568.607 271.02 
1073.53 656.702 1275.63 691.542 
766.529 461.95 838.966 479.943 
52.1641 658.379 1122.82 871.289 
979.377 430.36 1079.38 450.625 
356.111 786.941 412.014 814.649 
41.6163 349.209 362.98 352.87 
1335.99 547.765 1353.1 562.246 
895.319 6.8881 1316 7.14571 
579.085 552.332 660.079 571.266 
942.803 14.1422 1367.1 15.6067 
1294.68 262.855 1376.89 277.334 
980.754 486.005 1073.46 509.675 
894.636 13.456 1315.12 14.1864 
329.528 180.1 1338.93 458.826 
515.578 618.406 567.751 639.071 
528.572 3.13828 921.291 3.24546 
154.222 280.166 479.224 284.222 
298.01 272.398 645.225 278.088 
451.775 7.22038 855.869 8.00207 
618.592 14.6283 1044.36 16.0715 
710.606 735.388 804.586 761.541 
1330.83 670.953 1277.07 851.339 
258.439 248.861 597.764 252.982 
323.939 180.121 677.956 183.489 
972.484 5.6339 1330.04 4.65059 
1352.1 537.741 352.73 868.832 
1132.9 916.789 617.577 380.765 
782.648 420.448 859.058 436.111 
1160.84 645.843 1375.15 682.057 
303.746 807.533 349.789 832.471 
405.295 543.7 468.601 558.039 
788.682 310.714 887.863 324.283 
1283.56 99.5742 681.385 186.826 
1320 150.617 476.089 769.17 
184.241 7.72287 514.231 6.39417 
346.883 210.235 704.155 214.678 
911.227 441.419 993.654 461.012 
117.137 278.558 440.652 282.042 
212.509 763.845 309.902 783.439 
1265.49 111.408 1401.03 374.128 
524.224 483.639 407.363 536.442 
955.863 5.4791 1330.04 4.65059 
937.447 17.1369 1362.46 18.2288 
209.363 760.645 308.787 779.912 
1283.56 99.5742 681.385 186.826 
1182.11 128.68 476.089 769.17 
1364.51 547.535 1353.1 562.246 
51.0985 752.875 171.124 767.426 
347.885 631.913 421.047 647.881 
427.953 543.959 487.18 558.928 
690.198 708.998 778.018 723.465 
2.32452 735.774 14.8832 617.483 
12.0262 299.474 333.375 301.885 
12.0262 299.474 333.375 301.885 
343.855 848.51 361.11 876.367 
766.529 461.95 838.966 479.943 
183.577 8.29553 514.231 6.39417 
223.997 192.979 557.519 196.84 
1377.12 68.3223 608.462 518.124 
362.833 711.535 434.908 725.946 
1182.16 419.996 1328.3 442.487 
315.438 903.615 262.793 935.511 
1189.21 917.315 654.013 984.313 
224.178 210.287 557.519 196.84 
436.999 806.818 482.498 834.295 
1087.54 651.528 1296.16 686.253 
37.8924 614.055 340.093 722.027 
1210.28 439.893 449.521 858.88 
430.047 256.759 531.456 274.662 
1103.82 481.394 1342.07 457.541 
90.684 362.788 413.17 367.054 
784.06 737.093 897.588 768.315 
701.191 5.9687 1286.94 700.55 
1194.88 941.722 1148.91 377.703 
1118.93 69.4833 1377.91 471.682 
195.173 648.709 775.127 742.006 
1163.25 946.385 634.217 1005.92 
333.938 270.52 688.378 276.599 
688.205 822.397 733.113 857.658 
18.8644 337.961 339.604 341.082 
800.365 320.097 889.246 331.411 
534.135 263.669 1123.32 274.158 
280.029 281.198 861.589 325.031 
345.216 648.86 423.081 663.636 
528.572 3.13828 921.291 3.24546 
109.939 688.71 363.762 708.826 
593.964 503.355 673.566 520.123 
353.631 618.95 422.099 635.996 
383.315 758.81 907.616 838.989 
1149.18 39.501 1380.09 477.214 
221.948 253.709 554.301 257.72 
108.671 607.594 384.906 735.314 
612.12 586.368 667.217 607.995 
1079.65 661.891 1281.63 697.151 
1400.34 190.845 1252.03 20.2987 
1165.16 95.7969 341.98 834.434 
866.04 828.189 476.089 769.17 
752.636 338.662 835.116 349.355 
447.827 490.832 748.518 259.467 
416.474 754.101 489.151 778.623 
1158.05 927.348 582.915 477.038 
148.616 643.45 354.025 656.078 
1158.47 418.818 1237.8 428.123 
1326.52 164.883 1401.03 374.128 
192.831 212.801 520.347 215.254 
223.997 192.979 557.519 196.84 
411.518 271.717 861.589 325.031 
328.548 181.045 1338.93 458.826 
544.229 602.197 591.262 622.288 
1313.86 162.978 535.4 488.184 
165.899 762.771 132.229 692.978 
1240.52 34.9347 668.838 306.41 
262.452 645.866 1367.51 705.628 
196.2 713.261 379.964 731.829 
1364.95 207.37 1342.07 457.541 
1332.7 164.999 1346.8 462.38 
127.541 714.681 97.5393 746.439 
585.003 481.948 401.807 642.847 
1071.87 383.528 164.552 321.885 
1341.73 40.5957 1081.38 1047.84 
322.007 271.251 673.883 277.187 
227.929 34.4035 682.223 183.194 
90.1585 279.988 413.434 282.965 
912.456 20.0521 1333.02 22.0116 
975.346 16.8855 829.297 7.88301 
437.436 779.372 496.853 803.104 
1017.97 264.664 1385.5 277.596 
1202.03 262.17 111.552 274.217 
27.9586 814.074 3.37575 650.649 
1400.76 184.805 1252.03 20.2987 
962.236 887.145 449.841 877.093 
994.695 384.162 1105.3 403.043 
41.7082 608.544 274.078 617.744 
807.457 20.0353 1127.22 19.2825 
1383.32 384.815 109.16 700.429 
1169.62 938.757 638.574 1001.16 
1038.84 647.91 1162.69 674.522 
972.874 717.459 1151.8 687.117 
281.012 615.78 1281.64 685.867 
1005.59 807.508 1073.74 849.773 
231.657 51.9164 616.328 238.909 
447.759 1008.94 743.224 984.169 
504.429 509.093 1355.1 508.164 
795.649 951.224 725.005 988.917 
656.726 815.747 704.892 849.705 
324.214 1025.37 368.722 721.332 
1103.62 307.536 623.625 1009.03 
17.928 693.898 189.408 705.188 
1265.18 81.2777 1252.03 20.2987 
1089.36 237.342 534.125 471.297 
852.777 309.215 480.72 462.518 
171.617 603.473 412.137 346.337 
111.173 714.99 255.815 761.358 
897.525 819.629 950.695 859.759 
477.367 991.241 354.419 1029.7 
1117.86 81.6374 672.61 627.011 
621.008 828.773 658.728 862.404 
67.0564 842.016 52.5973 636.67 
381.9 267.44 614.635 279.409 
1316.52 385.485 1323.64 439.325 
943.293 263.608 1127.08 273.496 
1342.34 206.852 1252.03 20.2987 
341.004 276.001 530.467 285.666 
359.486 1000.17 211.403 753.521 
1091.25 66.0214 662.195 210.331 
1306.52 440.557 1297.59 490.333 
1102.51 22.0883 580.987 433.474 
344.647 612.032 411.226 620.376 
52.7883 542.015 371.526 549.358 
447.759 1008.94 743.224 984.169 
344.647 612.032 43.9214 850.688 
215.822 935.913 840.228 969.694 
1195.63 670.154 1390.54 708.794 
1385.78 21.8219 247.616 884.418 
1271.94 829.113 1330.85 880.109 
1289.73 395.457 1315.16 426.334 
1188.32 700.437 1358.5 740.654 
788.57 827.55 831.051 865.541 
1245.18 108.391 1255.55 19.6542 
1302.27 262.926 1385.5 277.596 
1265.18 81.2777 1252.03 20.2987 
1139.53 302.182 564.609 703.108 
