282
528.572 3.13828 921.291 3.24546 
906.868 3.94394 1330.04 4.65059 
628.131 12.1487 1024.03 12.6069 
628.131 12.1487 1024.03 12.6069 
229.606 14.1239 568.083 12.5122 
618.592 14.6283 1044.36 16.0715 
937.447 17.1369 1362.46 18.2288 
839.103 19.0634 1252.03 20.2987 
839.103 19.0634 1252.03 20.2987 
215.704 22.5071 551.513 20.8655 
401.866 78.7148 773.114 80.0081 
1182.11 128.68 476.089 769.17 
276.359 171.994 620.492 174.628 
323.939 180.121 677.956 183.489 
293.392 202.961 640.013 206.104 
242.119 213.69 579.47 216.833 
381.893 221.966 746.11 226.885 
380.005 224.622 743.718 230.305 
307.802 236.859 657.081 241.416 
202.998 238.009 531.725 241.542 
250.322 242.909 588.027 246.935 
250.322 242.909 588.027 246.935 
379.022 245.954 741.932 251.742 
221.03 247.925 552.929 251.622 
258.439 248.861 597.764 252.982 
205.735 258.591 534.647 262.349 
154.222 280.166 479.224 284.222 
154.222 280.166 479.224 284.222 
186.88 281.128 512.97 285.882 
24.1002 282.005 346.065 283.985 
28.1161 311.68 350.005 314.418 
896.584 398.988 981.463 416.147 
782.648 420.448 859.058 436.111 
1061.09 432.955 1178.57 454.877 
997.54 435.785 1101.67 456.929 
764.541 448.468 838.191 465.725 
1009.61 450.729 1113.44 472.641 
594.546 471.483 675.852 486.567 
547.869 500.187 631.824 515.832 
565.667 539.543 648.565 557.46 
878.308 566.059 945.037 591.902 
880.164 607.191 945.546 635.2 
37.8925 614.055 340.093 722.027 
707.998 627.345 775.086 652.43 
707.998 627.345 775.086 652.43 
139.025 633.18 351.631 645.183 
1113.88 648.558 1325.51 683.485 
991.532 659.368 1086.55 692.641 
638.797 687.931 690.904 714.891 
710.606 735.388 804.586 761.541 
972.484 5.6339 1330.04 4.65059 
895.319 6.88809 1316 7.14572 
869.505 7.11881 1287.16 7.66399 
216.926 57.5822 551.766 56.7244 
329.528 180.1 1338.93 458.826 
224.07 185.974 557.998 188.218 
224.07 185.974 557.998 188.218 
344.637 206.433 701.518 210.492 
346.883 210.235 704.155 214.678 
346.883 210.235 704.155 214.678 
273.869 234.917 616.328 238.909 
246.562 269.809 582.976 274.188 
203.288 270.832 531.456 274.662 
157.599 278.718 483.066 282.581 
57.0638 279.963 379.682 282.719 
90.1585 279.988 413.434 282.965 
62.0992 308.603 384.75 311.585 
774.406 314.56 861.589 325.031 
23.7481 314.927 345.022 317.465 
29.1456 333.131 350.893 336.446 
26.5933 339.897 347.473 343.314 
28.6165 344.463 349.702 347.855 
23.4233 345.638 343.808 349.348 
725.76 380.381 810.172 393.302 
980.971 391.897 1087.99 409.999 
865.574 397.869 946.384 414.196 
990.893 408.119 1097.92 427.565 
990.893 408.119 1097.92 427.565 
614.456 456.391 695.58 471.165 
766.529 461.95 838.966 479.943 
841.235 463.17 914.571 482.539 
818.175 467.936 890.808 487.172 
1000.7 471.449 1100.62 494.568 
764.187 471.982 836.103 490.348 
980.754 486.005 1073.46 509.674 
687.973 489.582 752.275 507.391 
855.776 514.792 926.136 537.41 
908.475 578.629 979.293 605.525 
919.181 610.092 991.721 638.967 
96.334 612.595 324.682 622.886 
52.1641 658.379 1122.82 871.289 
209.363 760.645 308.787 779.912 
212.509 763.845 309.902 783.439 
522.539 791.365 578.955 820.581 
470.308 822.718 507.033 852.081 
1132.9 916.789 617.577 380.765 
458.731 6.32643 863.166 6.83444 
910.664 7.40264 1333.44 7.91644 
184.241 7.72287 514.231 6.39417 
1283.56 99.5742 681.385 186.826 
308.199 152.596 658.903 155.161 
315.615 176.9 667.498 179.802 
300.984 177.879 649.692 180.104 
340.939 196.983 697.256 201.084 
221.07 243.961 553.042 247.306 
237.059 250.48 572.573 254.489 
193.367 262.983 1117.61 9.90435 
219.316 262.985 550.703 267.027 
219.316 262.985 550.703 267.027 
219.316 262.985 550.703 267.027 
348.989 275.426 706.57 281.53 
348.989 275.426 706.57 281.53 
117.137 278.558 440.652 282.042 
149.145 278.982 473.673 282.74 
17.1611 293.967 338.83 296.36 
62.6273 297.472 385.338 300.166 
56.1727 297.966 378.379 300.622 
56.2985 315.084 378.021 318.269 
23.7806 331.205 344.727 333.915 
17.7013 331.909 338.793 334.8 
46.3867 337.392 368.164 340.869 
727.768 345.882 812.614 357.37 
748.444 380.822 830.354 394.289 
1022.56 390.65 1145.08 409.584 
908.82 399.379 995.637 416.554 
931.951 401.107 1022.96 419.096 
979.377 430.36 1079.38 450.625 
839.877 435.387 915.324 453.315 
756.549 439.442 830.785 455.602 
995.009 439.477 1098.08 460.709 
606.808 456.817 687.716 471.46 
629.965 461.395 710.866 476.659 
753.824 476.87 824.474 495.295 
1352.1 537.741 352.73 868.832 
427.953 543.959 487.179 558.928 
71.2459 546.645 388.933 554.403 
723.979 587.125 787.589 610.551 
1160.84 645.843 1375.15 682.057 
1073.53 656.702 1275.63 691.542 
1072.72 660.51 1273.91 695.195 
51.0985 752.875 171.124 767.426 
407.17 795.183 458.424 821.658 
183.577 8.29554 514.231 6.39417 
230.099 9.19505 569.041 7.00214 
230.099 9.19505 569.041 7.00214 
801.221 14.2118 1206.34 14.8331 
1377.12 68.3223 608.462 518.124 
275.285 205.786 618.375 209.349 
247.425 248.667 584.32 253.251 
944.003 263.946 1361.28 276.75 
970.188 264.013 1390.07 277.125 
234.666 266.667 568.607 271.02 
116.771 278.721 440.652 282.042 
26.5919 304.895 348.662 307.987 
1091.77 305.359 68.5405 299.572 
788.682 310.714 887.863 324.283 
794.829 318.547 883.243 329.683 
806.356 322.001 895.724 333.522 
15.4021 326.918 336.548 329.777 
54.9425 343.828 376.357 347.434 
41.6163 349.209 362.98 352.87 
735.992 349.828 820.968 361.369 
957.244 396.102 1055.77 413.97 
957.244 396.102 1055.77 413.97 
840.416 399.831 919.232 415.84 
862.01 428.474 939.781 446.824 
862.01 428.474 939.781 446.824 
756.118 439.021 830.785 455.602 
597.01 458.318 677.998 473.12 
756.846 480.249 827.69 499.178 
788.982 530.489 854.049 552.718 
150.229 540.455 306.11 549.036 
405.295 543.7 468.601 558.039 
675.7 582.866 745.297 604.944 
344.647 612.032 411.226 620.376 
866.04 828.189 476.089 769.17 
447.759 1008.94 743.224 984.169 
451.775 7.22038 855.869 8.00207 
434.194 12.5561 814.911 13.1428 
910.4 14.7182 1333.01 15.573 
926.268 14.6978 1350.51 15.7157 
696.942 18.0771 1127.22 19.2825 
380.502 218.189 744.398 223.918 
221.894 240.474 553.936 244.218 
221.894 240.474 553.936 244.218 
380.747 240.006 744.031 245.62 
380.747 240.006 744.031 245.62 
248.317 261.079 585.334 265.268 
358.001 268.874 645.225 278.088 
298.01 272.398 645.225 278.088 
247.43 275.309 585.38 280.221 
260.083 274.898 600.056 280.027 
220.657 277.179 553.182 281.748 
83.1182 278.542 406.856 281.453 
818.08 326.837 908.046 338.623 
69.0838 350.147 391.379 354.429 
54.6821 356.842 375.98 360.752 
87.1511 373.376 408.924 377.854 
990.018 396.145 1098.04 414.885 
890.94 399.21 974.798 416.135 
1001.29 458.858 1103.15 480.629 
621.442 465.343 701.888 480.628 
402.037 550.01 464.397 564.741 
579.085 552.332 660.079 571.266 
690.198 708.998 778.018 723.465 
303.746 807.532 349.789 832.471 
942.524 14.5941 1367.1 15.6067 
236.376 46.9413 575.836 45.3594 
1320 150.617 476.089 769.17 
228.809 245.137 561.82 248.795 
272.33 274.16 614.635 279.409 
192.946 277.979 520.009 282.48 
207.759 277.741 538.354 282.206 
207.759 277.741 538.354 282.206 
21.7771 289.762 343.549 292.1 
21.7771 289.762 343.549 292.1 
761.389 328.087 847.016 339.208 
811.824 332.894 900.738 344.827 
739.927 332.758 824.677 344.356 
76.6979 344.976 398.402 348.055 
94.2092 376.485 416.145 381.131 
935.26 394.764 1028.2 412.118 
1210.28 439.893 449.521 858.88 
1189.21 917.315 654.013 984.313 
1173.54 964.234 629.135 1034.17 
894.636 13.456 1315.12 14.1864 
942.803 14.1422 1367.1 15.6067 
213.655 245.325 544.324 248.994 
22.9803 326.187 344.071 329.247 
749.114 336.104 834.218 347.596 
76.1663 343.961 398.402 348.055 
78.191 365.86 400.1 370.195 
1012.01 370.378 1130.3 387.195 
1008.74 469.452 1111.16 492.449 
714.504 477.569 781.491 495.338 
524.224 483.639 407.363 536.442 
252.279 261.928 588.664 265.918 
35.5089 269.592 358.196 271.436 
12.0261 299.474 333.375 301.885 
72.2088 303.623 395.073 306.989 
722.085 491.607 790.218 510.176 
722.085 491.607 790.218 510.176 
515.578 618.406 567.751 639.071 
347.886 631.913 421.047 647.881 
496.415 634.744 548.964 655.787 
508.656 679.856 564.609 703.108 
525.224 686.307 579.121 710.092 
599.895 715.183 658.02 741.707 
599.895 715.183 658.02 741.707 
223.631 43.5588 560.239 43.3298 
223.631 43.5588 560.239 43.3298 
293.993 171.776 641.41 173.995 
733.496 476.246 802.718 494.255 
774.064 544.943 837.789 567.644 
1364.51 547.535 1353.1 562.246 
488.46 622.106 542.392 641.909 
440.383 642.049 496.877 661.086 
552.34 658.882 605.108 682.303 
236.192 23.902 578.557 23.4608 
1313.86 162.978 535.4 488.184 
37.0449 320.631 358.73 323.603 
751.996 376.129 833.11 390.879 
1011.72 414.452 1120.66 437.498 
1335.99 547.765 1353.1 562.246 
465.485 622.927 521.033 642.522 
1330.83 670.953 1277.07 851.339 
1330.83 670.953 1277.07 851.339 
488.82 704.247 547.542 728.041 
62.6075 326.469 383.766 329.942 
362.834 711.535 434.908 725.946 
362.834 711.535 434.908 725.946 
825.905 323.515 915.112 335.431 
330.311 624.256 400.755 636.53 
26.8077 661.118 18.3459 725.806 
446.443 719.06 508.983 742.093 
1265.49 111.408 1401.03 374.128 
395.462 654.914 456.989 672.489 
463.8 653.087 520.309 673.952 
698.145 435.371 770.347 451.542 
685.932 514.124 753.773 532.529 
137.339 849.417 155.877 862.644 
752.636 338.662 835.116 349.355 
