1391
1558.8 1169.09 1919.16 1191.41 
1701.5 1007.83 2061.66 1065.79 
1668.26 1182.31 2017 1203.56 
1235.01 1187.48 1686.48 1200.64 
1719.45 952.396 2074.09 1023.21 
1450.82 1192.15 1833.09 1207.69 
1680.35 1033.89 2044.32 1088.02 
1813.28 988.009 2160.38 1052.25 
770.352 279.635 1617.43 526.701 
1581.83 1186.57 1935.75 1205.48 
2014.92 1239.3 2281.59 1255.23 
1557.1 917.552 1917.91 993.798 
1617.58 1143.57 1981.61 1172.17 
1520.1 969.202 1896.13 1034.86 
1575.82 1197.41 1931.87 1213.96 
235.163 279.021 1226.52 536.453 
235.176 285.634 1226.71 540.835 
2014.92 1239.3 2281.59 1255.23 
1803 1016.12 2152.26 1074.2 
1184.15 1163.2 1649.53 1180.6 
1755.23 1234.02 2042.36 1245.98 
1803 1016.12 2152.26 1074.2 
1724.31 985.508 2078.44 1049.06 
1614.99 279.28 2257.84 513.175 
949.974 1163.3 1495.26 1177.85 
1557.14 1161.79 1917.3 1185.63 
222.176 304.451 1216.49 554.1 
1751.08 1168.29 2094.51 1193.68 
643.285 271.698 1473.84 520.72 
1719.45 952.396 2074.09 1023.21 
1517.59 1238.98 1874.4 1245.41 
1343.13 252.21 2017.46 495.069 
1564.94 1153.25 1923.91 1179.05 
142.346 520.391 1145.9 708.684 
1246.92 1165.95 1694.67 1184.05 
1279.82 250.569 1965.65 494.29 
1488.89 268.661 2156.81 507.326 
1289.93 301.109 1969.89 532.234 
2267.7 1262.83 2348.4 1279.16 
1256.4 527.658 1728.66 692.871 
489.745 289.709 1390.03 537.688 
1762.3 1236.48 2048.23 1247.97 
1216.56 1186.63 1673.07 1199.64 
2021.59 1219.6 2288.51 1240.04 
1233.07 1222.13 1682.57 1227.53 
254.026 287.259 1239.45 541.377 
1289.93 301.109 1969.89 532.234 
1808.16 384.177 2374.55 588.92 
1778.16 987.432 2132.58 1051.55 
887.18 380.659 1652.86 596.566 
1833.71 1230.49 2119.82 1244.51 
714.867 391.294 1520.74 606.078 
1266.12 527.275 1735.07 692.867 
1557.18 912.979 1918.12 990.139 
1305.85 298.948 1982.55 529.835 
1228.76 1195.69 1681.81 1206.78 
57.0946 490.383 1087.92 687.765 
1898.34 356.815 2445.02 566.896 
2406.28 1289.26 2464.71 1303.77 
1117.84 1174.48 1607.07 1188.9 
489.745 289.709 1390.03 537.688 
1447.75 1208.6 1831.02 1220.5 
1844.55 1234.28 2127.93 1247.77 
2280.66 1270.03 2359.76 1285.49 
1241.65 1237.96 1689.32 1239.77 
36.3172 457.179 1075.39 665.179 
1808.89 956.201 2156.03 1026.7 
951.133 1170.7 1495.88 1183.43 
2530.04 1266.94 2578.6 1287.95 
1524.02 1216.93 1884.58 1228.36 
1548.24 1233.55 1895.96 1241.5 
1738.4 946.671 2000.5 1015.07 
1180.87 1222.14 1648.71 1226.56 
1248.43 1227.99 1694.55 1232.47 
2257.47 1258.91 2339.82 1276.06 
707.728 314.051 1520.13 549.871 
1623.09 970.946 2158.25 1044.13 
1595.06 1203.02 1946.71 1218.67 
2027.21 1248.88 2291.38 1263.36 
1603.23 1151.72 1970.02 1178.85 
91.5082 475.403 1112.39 676.829 
1250.1 1199.82 1698.18 1210.43 
1463.29 1170.1 1843.65 1190.59 
633.629 1193.04 1316.46 1195.61 
1728.22 945.592 2160.61 1021.54 
1612.32 1152.05 1976.75 1178.81 
909.563 1206.8 1469 1210.19 
1251.72 1231.03 1697.12 1234.33 
1217.33 1227.88 1668.97 1231.19 
1307 728.665 1727.33 845.984 
1834.27 321.23 2397.11 540.07 
970.641 1209.2 1507.42 1212.82 
294.633 390.507 1246.79 613.248 
1683.35 986.225 2046.39 1049.45 
1815.64 304.279 2384.4 526.605 
245.423 288.955 1233.74 542.845 
1864.24 331.975 2419.9 548.151 
1276.37 1229.68 1713.24 1233.98 
2027.21 1248.88 2291.38 1263.36 
1817.93 949.21 2160.61 1021.54 
104.929 253.246 1139.82 521.044 
1594 1134.32 1963.78 1164.75 
1462.38 1181.77 1841.83 1199.85 
1212.34 1238.78 1665.18 1239.82 
783.187 385.933 1575.04 602.117 
91.3601 487.819 1112.64 685.494 
2273.51 1294.32 2351.43 1305.41 
1271.7 245.236 1959.13 490.315 
1795.13 1006.52 2145.99 1066.73 
1343.19 1179.49 1760.03 1196.16 
2386.54 1270.41 2449.33 1288.1 
61.0066 506.142 1090.31 699.177 
2380.44 1262.87 2444.61 1281.5 
1339.2 1214.86 1754.17 1223.56 
1312.42 296.755 1987.54 529.024 
2258.17 1270.93 2339.87 1285.46 
205.029 457.944 1198.33 663.332 
132.171 560.915 1138.11 737.17 
1511.13 1183.33 1874.48 1201.95 
1802.24 998.001 2152.18 1059.92 
1567.28 1170.42 1925.25 1192.29 
1355.5 1153.71 1769.46 1176.08 
1228.03 1177.07 1681.24 1192.6 
216.736 383.545 1207.99 610.293 
1334.84 933.028 1838.21 1003.77 
1544.49 1229.37 1893.22 1238.43 
874.143 962.248 1450.41 1024.68 
1755.23 1234.02 2042.36 1245.98 
904.017 1218.18 1464.91 1218.95 
1690.44 1136.69 2049 1167.95 
1221.32 1176.43 1676.63 1191.86 
2276.21 1270.31 2356.25 1285.6 
1415.03 252.99 2073.65 494.33 
1878.21 946.987 2061.57 1012.51 
1802.09 391.953 2370.01 594.723 
1556.1 1182.37 1914.79 1201.59 
1428.44 430.015 1828.48 614.446 
2046.51 1230.66 2309.52 1248.6 
1565.49 1175.24 1924.33 1196.37 
1843.19 1250.33 2125.61 1260.79 
1228.88 1200.32 1681.15 1210.58 
1636.44 933.399 1993.82 1006.87 
1906.15 356.5 2451.57 566.772 
955.837 1190.82 1498.41 1199.1 
1276.62 323.274 1959.11 548.74 
755.449 331.752 1557.04 562.228 
1584.05 1136.2 1957.08 1165.98 
1608.22 578.491 2011.18 729.621 
1907.67 949.29 2243.17 1022.26 
2402.52 1292.99 2461.49 1307.03 
1073.38 956.418 1586.63 1021.66 
1543.38 695.446 1892.26 818.349 
1431.93 523.312 1851.71 685.488 
1390.39 938.813 1803.97 1009.69 
1633.67 942.093 2160.61 1021.54 
1270.69 481.777 1723 656.665 
1898 351.656 2444.91 562.852 
1170.71 1226.03 1641.92 1229.43 
752.242 281.68 1603.9 528.876 
120.76 408.122 1134.46 629.091 
1073.38 956.418 1586.63 1021.66 
1241.99 282.404 1935.11 519.271 
1854.44 1258.89 2135.78 1269.15 
204.868 314.625 1205.07 561.693 
1672.6 1176.98 2021.37 1199.21 
1622.87 948.826 1986.81 1019.1 
2234.66 1305.9 2315.72 1314.63 
244.699 295.418 1233.09 547.419 
874.143 962.248 1450.41 1024.68 
2233.21 1286.39 2315.47 1297.91 
1610.76 1005.45 1977.21 1063.88 
878.671 957.877 1453.85 1021.36 
67.5109 483.725 1096.08 682.771 
198.003 333.966 1199.69 575.565 
1347.9 1225.8 1761.03 1232.57 
1301.66 284.575 1979.36 519.741 
827.641 1215.56 1413.57 1215.31 
1534.2 1164.55 1904.13 1187.68 
187.216 324.434 1192.12 569.199 
380.696 1315.12 721.472 1277.52 
1819.52 1242.94 2108.3 1254.63 
2277.39 1266.56 2357.04 1282.45 
1998.04 1231.41 2269.58 1248.47 
2260.95 1272.72 2342.43 1287.46 
2251.87 1282.9 2332.37 1295.26 
117.233 482.695 1130.18 682.11 
1913.45 953.658 2248.33 1025.69 
221.465 270.661 1217.21 530.869 
1557.18 912.979 1918.12 990.139 
1299.43 935.602 1735.33 1006.39 
166.845 273.976 1180.26 534.45 
1052.41 1231.16 1562.07 1231.85 
1226.97 1238.93 1676.67 1240.28 
1383.09 1083.82 1816.66 1122.46 
1837.3 345.873 2398.64 559.127 
877.154 407.092 1644.62 616.025 
105.941 270.783 1140.28 533.146 
1473.32 648.747 1879.27 784.12 
1557.73 931.488 1920.52 1004.84 
1249.92 295.956 1939.94 528.992 
1501.31 544.595 1915.87 703.949 
897.677 1183.1 1463.34 1192.47 
1343.58 1195.07 1759.78 1208.05 
1650.26 1262.53 1943.46 1266.79 
1967.84 1212.67 2253.57 1232.53 
2245.43 1266.45 2328.59 1281.67 
1896.7 330.696 2444.84 546.602 
2292.07 1292.89 2370.02 1304.54 
1095.28 1141.72 1592.42 1163.34 
1417.39 933.068 1816.62 1005.06 
1232.7 1211.65 1683.01 1219.39 
2243.85 1280.74 2325.36 1292.86 
1565.54 1119.5 1924.38 1152.45 
123.65 265.804 1152.16 529.617 
870.554 1217.36 1441.89 1217.82 
1751.41 1244.57 2037.86 1254.19 
1498.5 275.163 2164.66 510.866 
1860.15 398.669 2414.98 599.515 
1462.78 1139.9 1843.16 1167.19 
1472.91 944.618 1854.16 1014.31 
2232.95 1302.5 2314.41 1311.29 
752.242 281.68 1603.9 528.876 
1481.16 1249.62 1846.96 1253.49 
1577.03 1193.16 1932.74 1210.85 
1272.73 523.571 1740.23 689.794 
1504.2 1242.4 1864.24 1248.22 
1071.2 256.954 1805.44 503.181 
1750.24 1236.1 2038.15 1247.55 
1454.64 1170.27 1836.33 1190.51 
1795.13 1006.52 2145.99 1066.73 
1661.95 1177.19 2011.63 1199.13 
1250.54 526.54 1724.03 691.613 
193.972 412.937 1191.73 631.356 
138.368 539.945 1143.57 722.093 
1697.59 994.912 2057.63 1056.64 
1593.94 1191.56 1946.46 1209.8 
261.115 517.864 1220.83 704.984 
693.972 331.062 1509.54 562.703 
871.093 965.353 1448.03 1026.99 
1854.52 331.131 2411.64 547.7 
852.021 387.556 1626.89 601.78 
960.183 1195.01 1500.96 1202.01 
224.546 299.128 1219.61 550.487 
2527.45 1271.09 2576.05 1291.39 
1668.26 1182.31 2017 1203.56 
1471.8 1210.63 1847.26 1222.46 
2023.03 1238.45 2288.3 1254.91 
60.7803 401.093 1094.22 623.764 
207.994 278.574 1208.08 536.11 
705.935 321.692 1518.9 555.872 
254.442 541.098 1215.59 721.472 
1869.85 1149.88 2211.94 1181.51 
1343.13 252.21 2017.46 495.069 
950.356 1160.82 1495.69 1175.79 
1432.61 364.525 1874.74 566.408 
1286.02 308.329 1966.69 537.804 
1730.74 1251.84 2019.2 1260.03 
1644.11 943.526 2000.5 1015.07 
458.524 255.205 1367.64 513.311 
1827.49 1247.32 2114.33 1258.93 
1079.02 253.666 1810.77 500.972 
1083.59 1160.65 1649.53 1180.6 
1250.01 1235.28 1695.67 1237.65 
1634.09 984.376 1996.89 1047.31 
1363.9 1086.56 1802.59 1124.66 
1824.99 315.726 2390.41 536.021 
160.036 530.99 1158.03 715.547 
1418.43 1253.6 1783.38 1255.58 
1560.65 1148.18 1919.83 1174.83 
995.47 1216.99 1525.26 1219.41 
1385.77 1199.17 1791.2 1212.19 
1083.39 282.182 1813.58 521.475 
2018.6 1248.78 2284.27 1263.02 
1935.99 320.898 2476.67 538.685 
1237.69 283.567 1931.33 520.189 
1251.58 1166.26 1699.04 1184.18 
946.467 1139.13 1492.96 1159.34 
2376.66 1275.06 2440.49 1291.61 
1913.45 953.658 2248.33 1025.69 
763.485 334.12 1562.35 563.646 
34.543 480.088 1072.82 680.848 
100.407 480.976 1117.61 680.929 
1035.65 1159.43 1649.53 1180.6 
1717.76 1248.38 2009.55 1257.03 
214.935 297.819 1212.27 549.827 
2280.69 1284.22 2360.01 1296.97 
1129.75 925.749 1617.37 998.426 
102.545 260.901 1137.95 526.523 
1475.48 888.431 1853.62 970.846 
1799.58 945.005 2067.93 1014.08 
1272.36 1239.51 1710.22 1241.72 
1317.83 315.039 1991.57 542.04 
39.5963 479.812 1076.08 680.682 
16.9494 544.57 1059.98 726.74 
1516.7 349.252 2140.25 565.404 
1057.92 925.885 1568.89 997.846 
1860.65 364.662 2416.25 573.182 
1857.81 394.764 2412.71 596.58 
1222.6 261.77 1921.3 504.291 
1383.97 1180.67 1787.47 1197.76 
1275.63 271.335 1960.11 510.071 
1919.67 1209.08 2213.51 1229.01 
2380.44 1262.87 2444.61 1281.5 
906.319 998.759 1477.15 1052.33 
1862.57 403.45 2416.34 603.591 
1191.48 1139.16 1656.23 1162.82 
1653.01 1249.48 1946.65 1256.3 
996.941 1225.31 1525.67 1225.76 
922.388 996.343 1489.34 1051.11 
1002.34 944.059 1540.26 1011.29 
862.045 375.312 1635.66 592.77 
954.104 1159.45 1498.69 1174.47 
187.216 324.434 1192.12 569.199 
1533.5 981.612 1905.53 1043.91 
1760.03 504.356 2127.7 670.906 
940.039 1193.6 1488.56 1200.55 
1557.19 890.653 1918.19 972.676 
1499.77 1245.84 1860.92 1250.6 
2002.63 1251.95 2272.12 1265.69 
2215.96 1301.89 2302.25 1310.81 
2313.01 1295.86 2389.47 1307.47 
778.227 281.12 1623.47 527.523 
1737.51 1242.84 2026.67 1252.58 
1781.61 318.462 2356.47 538.744 
1265.72 531.807 1734.6 696.014 
206.06 406.43 1200.48 626.632 
120.7 482.571 1132.46 681.552 
1165.83 921.159 1641.03 994.981 
1794.42 587.995 2336.57 744.588 
2234.66 1305.9 2315.72 1314.63 
201.635 408.614 1197.44 628.449 
1932.29 1211.69 2223.79 1231.38 
1145.36 1122.49 1659.93 1150.06 
67.5109 483.725 1096.08 682.771 
1346.17 357.564 1810.69 562.145 
1166.93 1189.35 1642.08 1200.91 
2025.9 1252.99 2290.3 1267.21 
1347.86 1141.53 1656.23 1162.82 
1745.09 1243.42 2033.03 1253.15 
1697.57 737.325 2033.21 852.354 
399.375 1319.86 734.892 1281.98 
868.075 1189.66 1442.82 1196.18 
1734.78 399.569 2289.18 599.671 
204.389 292.986 1206.04 546.663 
163.968 1344.51 532.021 1293.51 
2276.19 1300.92 2353.7 1310.96 
1799.51 970.959 2067.07 1035.45 
2018.6 1248.78 2284.27 1263.02 
1098.86 1080.89 1803.01 1121.34 
1403.71 1161.83 1801.6 1182.53 
1858.73 426.833 2413.93 621.401 
127.753 467.137 1138.05 670.283 
1533.5 981.612 1905.53 1043.91 
1906.15 356.5 2451.57 566.772 
159.658 523.607 1157.76 709.965 
1354.39 1212.05 1767.24 1221.82 
1156.74 1217.9 1632.85 1222.81 
2516.51 1269.61 2567.22 1289.73 
230.082 1337.21 592.17 1290.04 
271.096 521.01 1227.17 706.903 
1499.46 1005.56 1879.46 1062.15 
891.321 383.736 1655.45 599.067 
1380.34 1140 1813.84 1166.53 
1243.98 1193.06 1694.06 1204.76 
448.512 252.384 1360.48 511.53 
43.0422 285.515 1098.87 545.236 
182.099 327.093 1188.92 570.969 
2452.71 1283.85 2506.22 1300.75 
1857.81 394.764 2412.71 596.58 
928.665 281.355 1740.19 525.3 
21.8632 496.987 1063.63 693.109 
1195.16 1122.65 1659.93 1150.06 
1108.01 1223.29 1598.15 1226.07 
2238.09 1302.04 2318.87 1310.69 
1939.93 1214.74 2230.13 1233.42 
1066.94 270.853 1802.32 513.357 
1206.07 737.136 1658.8 852.974 
1872.92 999.025 2218.19 1061.64 
1101.12 495.402 1607.07 669.498 
1782.79 1197.05 2119.53 1217.33 
198.003 333.966 1199.69 575.565 
212.476 331.381 1209.62 573.775 
106.016 458.944 1122.83 664.522 
1117.58 1212.71 1605.41 1217.93 
38.7845 341.968 1089.61 584.931 
1477.89 944.946 1858.4 1014.82 
169.664 285.606 1182.09 542.078 
393.974 1315.53 731.501 1278.53 
38.0534 427.077 1076.59 643.458 
1583.09 1207.63 1936.68 1222.38 
1462.71 582.76 1870.8 732.899 
1946.42 328.579 2486.33 544.739 
1607.15 284.398 2251.39 517.252 
2510.77 1261.86 2562.82 1282.8 
1476.21 258.106 2146.67 499.333 
1934.8 1249.84 2212.82 1262.43 
216.195 327.661 1212.78 570.722 
1697.59 994.912 2057.63 1056.64 
229.159 277.627 1222.83 535.119 
1206.42 1238.33 1661.89 1239.87 
2005.81 1248.96 2274.63 1262.88 
1674.3 1200.98 2019.98 1218.48 
1708.7 1249.52 2003.05 1257.4 
1118 1125.44 1635.35 1151.33 
2406.36 1238.49 2492.99 1261.85 
1448.61 277.859 2097.11 512.559 
1160.71 1223.05 1635.19 1226.52 
1542.36 1247.82 1890.99 1253.07 
2277.12 1276.76 2356.97 1291.12 
1802.17 978.918 2152.23 1045.26 
1114.02 1135.98 1813.84 1166.53 
1279.82 250.569 1965.65 494.29 
1349.6 276.232 2021.1 512.371 
1535.73 554.03 1946.02 712.034 
1562.99 1141.82 1922.34 1169.93 
2078.76 1234.26 2334.69 1252.1 
1637.31 938.365 1995 1010.98 
182.707 330.42 1188.48 573.749 
1904.32 345.888 2449.87 558.309 
2200.55 1243.5 2422.49 1261.92 
126.361 411.789 1137.75 631.494 
1843.23 339.2 2403.02 553.793 
1863.97 422.777 2418.11 618.554 
182.798 321.929 1189.42 567.348 
1759.38 1263.64 2045.52 1270.39 
1881.02 381.633 2431.9 585.609 
1530.15 385.494 2148.24 592.324 
138.094 492.963 1144.39 688.947 
1588.13 1185.09 1940.7 1204.56 
1350.2 1206.44 1764.02 1216.79 
909.95 1221.08 1468.29 1221.6 
900.079 1131.2 1462.71 1152.1 
1503.99 540.749 1918.06 700.973 
1114.54 1227.14 1602.36 1229.02 
864.844 757.717 1433.14 869.852 
818.101 1223.61 1406.06 1221.66 
1586.34 957.733 1949.51 1024.92 
1802.24 998.001 2152.18 1059.92 
1225.41 1235.13 1674.74 1237.63 
1477.82 1087.89 1802.59 1124.66 
2237.17 1271.75 2320.58 1285.83 
121.222 418.801 1134.51 637.111 
1227.93 280.013 1924.43 517.422 
1588.81 983.693 1960.47 1046.33 
768.832 393.461 1564.42 607.415 
1047.16 1120.99 1659.93 1150.06 
1472.8 890.157 1851.01 972.146 
1936.07 1214.95 2226.98 1233.98 
1396.27 343.766 1845.82 550.64 
229.149 1320.35 592.03 1277.38 
1011.77 1220.52 1535.84 1222.1 
814.028 288.933 1648.89 532.43 
267.485 508.467 1225.82 698.036 
2177.72 580.086 2540.58 729.026 
1520.81 1187.49 1880.92 1205.15 
1867.57 410.39 2421.02 608.552 
1275.87 1244.64 1712.4 1246.25 
1833.88 1251.71 2118.93 1261.74 
1882.6 339.489 2433.69 553.508 
251.123 446.731 1215.28 654.527 
865.686 406.599 1636.64 615.651 
2277.12 1276.76 2356.97 1291.12 
2074.12 1236.29 2330.99 1253.92 
1972.08 265.918 2518.31 494.392 
980.673 1218.96 1515.2 1220.53 
1064.85 1210.35 1571.29 1215.39 
2241.47 1298.35 2321.77 1307.81 
299.85 421.599 1249.94 635.597 
1415.34 509.843 1839.55 677.387 
181.472 395.264 1182.55 618.969 
229.2 270.226 1222.93 529.873 
2313.43 1303.64 2389.46 1314.25 
1300.83 729.257 1723.66 846.394 
1243.69 251.253 1938.04 495.361 
2526.99 1263.25 2575.57 1285.48 
1475.68 1133.28 1963.78 1164.75 
1083.39 282.182 1813.58 521.475 
960.183 1195.01 1500.96 1202.01 
1448.5 1213.47 1830.29 1224.81 
875.944 1225.39 1445.48 1223.93 
1462.19 563.766 1882.02 718.845 
2304.33 1255.18 2385.52 1273.44 
162.743 339.166 1174.13 580.218 
696.529 310.007 1511.03 547.56 
1550.16 557.446 1932.55 710.987 
1253.75 532.581 1726.96 696.574 
1245.83 1241.4 1692.68 1242.78 
2215.79 1290.61 2302.41 1301.07 
1539.56 1221.74 1897.76 1232.59 
1864.24 331.975 2419.9 548.151 
64.5569 494.829 1092.15 690.788 
633.463 1193.15 1316.46 1195.61 
1745.69 957.62 1918.12 1019.69 
1848.68 294.837 2410.43 521.023 
255.44 278.925 1241.7 535.465 
2377.27 1264.67 2442.04 1282.9 
1261.85 526.444 1731.93 692.061 
1115.95 1231.32 1603.51 1231.96 
212.081 1344.92 581.341 1295.39 
1349.82 1208.2 1763.67 1218.37 
1890.93 331.209 2440.23 546.812 
1116.73 1202.35 1605.55 1210.14 
1028.01 664.018 1565.72 798.533 
877.812 379.733 1645.59 595.844 
38.5401 509.723 1073.99 701.775 
1549.62 1255.14 1896.64 1260.41 
206.964 302.122 1206.82 552.631 
1178.24 1213.81 1646.93 1220.02 
1937.77 1219.18 2228.01 1237.28 
2366.74 1301.9 2429.41 1314.04 
1482.89 257.648 2152.09 498.34 
1602.27 269.509 2247.6 505.5 
1794.42 587.995 2336.57 744.588 
1883.72 927.165 2222.83 1003.56 
1473.32 648.747 1879.27 784.12 
765.701 325.051 1564.77 557.1 
1532.96 1243.98 1885.7 1249.92 
1703 942.507 2062.16 1015.34 
1246.49 1143.89 1694.43 1167.07 
294.633 390.507 1246.79 613.248 
1921.11 1212.78 2214.2 1232.33 
1565 1241.18 1907.23 1248.29 
1912.08 1215.4 2207.09 1233.99 
1112.26 1126.1 1812.36 1158.23 
2263.59 1297.52 2342.43 1307.69 
1468.15 584.639 1875.39 734.704 
1835.42 955.535 1918.33 1015.68 
2527.5 1276.08 2576.42 1295.4 
1339.54 673.739 1771.29 804.276 
2385.44 1220.01 2476.3 1246.28 
946.434 1159.66 1492.69 1174.52 
2271.2 1268.02 2351.65 1283.66 
1123.5 1196.48 1611.78 1206.07 
130.963 578.131 1136.26 749.498 
859.738 943.617 1437.67 1010.33 
996.121 1130.31 1557.61 1154.46 
838.62 1202.55 1421.69 1206.16 
42.9145 486.257 1078.07 685.4 
1462.82 1147.35 1842.95 1172.9 
108.666 264.406 1141.94 528.914 
151.327 247.411 1171.94 515.659 
1915.82 959.697 2250.86 1030.61 
1884.79 377.708 2434.46 583.078 
1243.36 508.936 1718.37 678.917 
182.798 321.929 1189.42 567.348 
1130.14 917.16 1592.39 990.563 
2430.61 1298.35 2485.56 1311.91 
1245.58 1207.66 1693.1 1216.7 
1281.7 357.015 1961.22 574.324 
1352.96 1167.8 1766.98 1186.86 
166.251 237.969 1181.45 508.715 
166.185 407.02 1173.52 627.989 
2261.56 1301.82 2340.54 1311.47 
1446.67 1204.31 1830.32 1217.07 
206.566 429.433 1198.12 641.145 
709.072 306.781 1521.22 544.95 
1575.51 1211.89 1930.78 1225.24 
1021.24 1224.72 1541.87 1225.9 
1049.22 1137.79 1768.68 1167.44 
1701.9 1186.04 2044.85 1207.01 
387.43 1337.39 725.694 1294.45 
1662.24 924.951 2182.06 1008.76 
1104.09 1179.12 1597.5 1192.3 
2276.27 1261.23 2356.48 1278.7 
1187.98 1165.03 1836.33 1190.51 
1198.47 1139.97 1662.33 1163.33 
1615.36 288.95 2257.37 521.16 
1864.89 990.31 2212.79 1054.73 
1647.44 949.376 2172.02 1027.07 
1030.26 875.46 1598.98 957.454 
1549.29 1245.19 1896.63 1251.02 
1875.9 401.63 2426.94 602.081 
1477.37 1245.82 1844.18 1250.06 
1652.33 458.631 2046.03 636.375 
1312.63 471.875 1750.25 648.563 
563.241 301.93 1451.03 545.481 
1841.81 300.727 2404.25 523.922 
1000.44 1005.71 1539.05 1057.86 
1824.1 1238.18 2112.62 1249.46 
882.289 388.844 1648.94 602.726 
856.144 950.893 1435.56 1015.91 
292.689 395.847 1245.75 616.823 
1848.16 384.816 2405.85 589.261 
1745.83 953.126 1918.33 1015.68 
1595.68 945.579 2213.36 1027.71 
1641.96 939.413 1998.65 1011.64 
49.698 390.164 1086.02 617.308 
276.593 285.249 1255.51 540.005 
291.216 1347.67 629.091 1299.41 
883.916 1212.54 1452.24 1214.27 
1413.93 934.212 1813.5 1006.08 
1540.38 1233.68 1889.79 1241.82 
189.409 278.519 1196.03 536.738 
1468.62 1214.31 1844.73 1225.3 
399.483 1319.57 734.892 1281.98 
208.589 1336.85 578.587 1289.93 
1592.65 309.635 2208.09 534.123 
1862.47 382.446 2416.81 586.948 
39.5957 421.85 1077.86 639.793 
2240.27 1280.39 2322.1 1293.3 
229.149 1320.35 592.03 1277.38 
1454.08 297.642 2100.72 527.968 
1590.36 1212.99 1941.8 1226.19 
1906.35 340.073 2451.94 554.038 
917.227 1004.99 1484.49 1057.52 
996.121 1130.31 1557.61 1154.46 
1742.35 1238.58 2031.06 1249.4 
913.681 927.519 1433.26 997.993 
1619.54 296.034 2261.61 525.769 
131.996 543.492 1138.87 725.89 
1424.47 319.44 2072.86 543.826 
1093.7 895.598 1592.82 975.075 
1873.57 976.053 2138.87 1039.96 
1566.64 1141.05 1925.49 1168.01 
1653.83 1263.41 1946.39 1267.2 
2382.17 1295.47 2443.82 1308.77 
1076.01 269.284 1808.73 511.823 
126.69 556.664 1134.38 734.22 
2263.41 1305.86 2342.24 1314.95 
1536.02 471.743 1925.04 645.977 
57.3712 480.694 1088.78 681.034 
1145.64 1163.59 1625.97 1180.38 
2232.95 1302.5 2314.41 1311.29 
1098.04 1233.95 1590.72 1234.25 
1247.48 249.075 1941.41 493.758 
1832.47 1001.14 2126.33 1060.58 
1869.02 549.803 2353.92 712.106 
1043.78 1132.68 1692.01 1160.4 
1399.38 1150.98 1798.27 1174.82 
1353.05 1199.05 1767.76 1211.62 
194.411 475.871 1191.56 676.597 
2043.75 1229.28 2307.55 1247.73 
490.038 302.971 1390.12 547.063 
1820.95 375.122 2385.89 582.394 
1270.3 523.916 1737.5 689.013 
879.549 1226 1447.77 1224.3 
1633.84 320.376 2272.35 544.082 
1536.07 331.516 2165.36 552.151 
188.36 404.736 1188.3 625.658 
167.13 1354.6 533.736 1301.36 
1553.24 950.703 1918.12 1019.69 
884.282 543.887 1629.68 716.477 
1128.01 1198.87 1615.7 1207.77 
1075.41 260.219 1808.07 505.509 
1213.49 1225.7 1666.46 1230.2 
830.368 1208.99 1415.56 1210.35 
1104.09 1179.12 1597.5 1192.3 
142.762 342.582 1160.39 582.693 
1972.08 265.918 2518.31 494.392 
1111.69 1215.79 1600.92 1221.11 
1562.09 1202.55 1922.25 1218.28 
587.299 1313.59 953.354 1282.67 
945.102 715.075 1501.7 837.142 
140.295 496.492 1145.87 691.527 
1243.42 1136.01 1692.01 1160.4 
1834.27 321.23 2397.11 540.07 
1671.47 1247.79 1964.26 1255.42 
958.584 926.396 1548.53 997.061 
784.229 378.855 1575.47 596.603 
60.4464 374.034 1094.28 605.463 
1093.63 1230.65 1587.49 1231.38 
43.5279 401.394 1081.62 626.342 
21.6839 349.539 1079.09 589.848 
1427.51 363.761 1870.6 565.505 
1780.32 327.482 2355.26 545.625 
1653.01 687.621 2038.27 814.912 
1597.82 1131.91 1966.7 1163.07 
16.4483 402.685 1063.2 626.589 
2002.35 1245.2 2272.21 1259.57 
1792.47 943.379 2061.57 1012.51 
1609.15 939.602 2062.16 1015.34 
1049.98 1124.62 1697.38 1153.6 
1402.28 355.242 1850.08 559.722 
1808.13 360.978 2375.69 571.036 
1078.57 454.224 1604.06 639.503 
1336.88 728.686 1747.7 846.023 
1660.49 1252.1 1953.31 1258.35 
1532.7 1275.17 1892.5 1276.16 
1380.34 1140 1813.84 1166.53 
2254.03 1285.2 2334.53 1297.53 
1517.25 359.705 2140.42 572.695 
1182.06 1218.4 1649.47 1223.69 
1492.45 940.065 1864.97 1007.84 
1890.93 331.209 2440.23 546.812 
823.366 1195.36 1413.02 1199.76 
1021.69 342.418 1764.06 566.835 
1233.59 1236.04 1681.93 1239.24 
263.886 294.561 1246.05 546.699 
608.762 1196.85 1286.48 1198.14 
280.793 415.893 1238.33 631.747 
873.112 317.377 1687.62 552.178 
1856.13 295.44 2417.16 520.488 
122.922 476.243 1133.26 676.973 
1564.17 716.134 1902.7 832.13 
1812.11 1149.99 2205.43 1181.19 
1254.55 1086.61 1802.59 1124.66 
84.6856 362.933 1110.02 597.98 
1241.99 282.404 1935.11 519.271 
1915.82 959.697 2250.86 1030.61 
1298.91 1144.75 1659.54 1165.99 
1814.64 360.945 2381.22 570.823 
19.9626 522.172 1061.92 710.496 
97.644 380.928 1118.75 610.306 
1848.16 384.816 2405.85 589.261 
1939.31 758.24 2254.86 869.868 
123.09 552.221 1131.69 731.435 
1211.86 521.367 1697.83 688.861 
171.888 392.929 1178.04 618.06 
715.13 322.965 1526.72 556.093 
1588.56 1203.81 1941.21 1218.68 
1383.87 320.591 1840.34 533.25 
1811.12 354.858 2378.41 566.227 
476.191 294.915 1380.31 541.744 
2365.49 1286.14 2430.04 1300.4 
1834.83 960.974 1918.12 1019.69 
1691.1 949.322 2213.36 1027.71 
110.298 248.012 1143.51 516.92 
111.321 539.849 1124.24 721.969 
1057.64 1228.56 1565.85 1229.61 
16.9696 312.943 1076.83 564.524 
687.053 305.596 1505.18 543.9 
1508.82 268.52 2172.51 505.822 
458.524 255.205 1367.64 513.311 
1356.83 465.355 1779.88 643.402 
1670.31 873.587 1953.71 955.669 
1817.93 949.21 1991.84 1014.23 
1465.04 1143.51 1628.05 1161.96 
1342.46 1233.69 1755.53 1238.27 
901.273 1211.74 1463.03 1213.43 
1400.62 500.184 1827.33 670 
1616.92 937.052 1982.72 1009.98 
876.473 1221.34 1446.02 1220.15 
53.7635 389.768 1088.9 616.906 
1896.45 587.699 2373.88 741.723 
2257.27 1288.76 2337.1 1300.52 
1479.92 1239.33 1846.56 1245.09 
1137.41 1142.06 1620.34 1163.77 
288.119 526.37 1238.43 710.527 
1901.73 1221.35 2198.75 1238.79 
204.059 354.161 1202.31 589.585 
2308.47 1250.79 2389.8 1270.29 
194.411 475.871 1191.56 676.597 
1352.81 951.51 1854.45 1018.69 
904.64 1162.18 1465.39 1176.41 
857.818 534.974 1611.16 710.06 
443.257 252.932 1356.71 512.126 
1901.59 279.053 2455.04 506.147 
13.162 543.625 1057.56 725.43 
1125.41 1128.16 1640.62 1154.23 
687.053 305.596 1505.18 543.9 
257.831 507.615 1219.54 697.816 
30.5678 400.742 1070.96 623.454 
1488.52 268.145 2156.81 507.326 
220.28 354.895 1210.35 590.213 
885.468 1182.91 1455.58 1191.7 
222.237 380.464 1211.16 608.128 
1779.67 307.952 2355.09 531.056 
861.116 1220.86 1435.1 1219.92 
1403.45 1147.91 1801.73 1172.69 
1874.73 394.194 2426.25 596.245 
1639.43 1266.82 1935.44 1270.32 
997.048 1165.39 1526.68 1180.14 
101.23 526.856 1117.11 713.606 
595.507 654.351 1392.82 798.822 
1800.44 387.322 2369.32 591.344 
111.579 401.22 1127.79 624.4 
307.63 391.655 1256.35 614.08 
1322.49 1213.65 1742.7 1222.23 
1184.15 1163.2 1649.53 1180.6 
1085.8 258.871 1815.98 504.012 
1464.26 1187.9 1843.87 1204.54 
1503 998.652 1880.97 1057.07 
996.911 1154.31 1526.33 1171.33 
2490.99 1266.78 2545.65 1287.05 
1802.39 489.944 2168.52 659.74 
1158.38 940.573 1644.54 1009.29 
1451.65 282.523 2099.63 515.772 
1455.64 647.246 1864.36 783.007 
1059.27 905.458 1588.62 983.733 
1906.09 725.259 2248.35 844.436 
166.185 407.02 1173.52 627.989 
1304.3 724.936 1725.67 843.482 
2073.91 1232.95 2330.22 1251.05 
68.369 1343.9 474.55 1290.79 
2234.51 1298.91 2315.63 1308.09 
1872.53 398.211 2424.77 599.561 
1858.33 367.601 2413.28 575.681 
1043.88 1166.83 1557.21 1181.81 
2231.29 1310.93 2312.9 1319.64 
1652.24 948.785 1918.33 1015.68 
252.502 503.205 1216.49 694.289 
1239.97 1212.08 1688.41 1219.84 
97.5564 478.349 1116.63 678.372 
390.901 1349.58 728.859 1303.69 
959.889 1149.74 1666.07 1174.37 
1516.7 349.252 2140.25 565.404 
1341.87 280.739 2013.52 516.631 
1607.01 273.703 2248.57 511.083 
122.271 486.973 1132.72 684.707 
2286.37 1274.67 2365 1289.04 
2536.24 1279.91 2582.74 1299.01 
956.918 941.251 1501.51 1009.04 
863.263 1168.79 1438.19 1180.78 
1079.7 951.785 1592.15 1018.18 
306.673 1330.78 636.786 1287.06 
608.636 1202.26 1285.81 1202 
858.938 1140.71 1435.78 1159.12 
2254.99 1271.7 2336.5 1285.38 
856.144 950.893 1435.56 1015.91 
1802.1 395.812 2369.79 598.307 
2245.43 1266.45 2328.59 1281.67 
1437.15 916.385 1826.71 992.124 
1503.21 1008.19 1882.36 1064.64 
1731.62 941.991 2081.04 1014.7 
629.916 280.877 1464.43 527.693 
146.387 512.225 1148.57 702.482 
1960.06 319.864 2498.76 537.609 
1145 1142.27 1625.87 1164.57 
1365.05 1093.05 1803.61 1129.94 
1883.9 1237.88 2188.67 1251.55 
1516.56 952.921 1885.35 1021.44 
199.087 259.131 1205.16 521.421 
1445.63 262.613 2097.11 501.728 
1137.09 548.452 1648.73 710.818 
1524.36 1242.94 1878.69 1248.57 
1079.18 614.962 1599.62 760.606 
955.797 930.182 1501.21 1000.78 
1889.87 587.387 2369.53 741.824 
1878.57 949.979 2062.16 1015.34 
1850.41 1232.03 2132.42 1246.25 
1879.23 287.826 2436.1 514.46 
2033.73 1190.49 2289.78 1214.35 
1093.55 920.442 1592.54 993.968 
56.3738 509.308 1086.62 701.555 
870.283 1178.06 1443.38 1187.92 
876.772 968.73 1452.7 1029.73 
42.2782 1886.39 118.154 1704.05 
313.943 1350.08 642.474 1301.45 
1253.49 863.303 1701.85 949.878 
46.8622 501.562 1080.21 695.483 
937.026 1159.48 2094.51 1193.68 
316.34 398.443 1261.84 618.992 
1882.02 949.088 2225.79 1022.07 
2029.97 1243.16 2294.29 1258.74 
1332.7 330.972 2002.96 553.617 
1855.23 338.619 2412.49 553.026 
258.473 270.364 1243.85 529.659 
1689.35 1189.56 2033.04 1209.93 
1786 995.842 2139.31 1058.69 
140.468 559.638 1143.8 736.1 
2212.09 1288.08 2299.53 1299.72 
21.2208 572.037 1061.44 745.931 
1524.08 350.549 2146.26 566.469 
1670.31 873.587 1953.71 955.669 
1519.47 613.663 1931.46 757.922 
882.195 1225.23 1450.2 1224.04 
1742.29 345.798 2324.77 560.83 
1166.44 876.282 1641.88 960.496 
258.09 280.865 1242.71 536.992 
1571.82 353.599 2191.64 568.414 
1515.05 639.225 1881.45 772.869 
788.844 372.624 1579.79 591.65 
1461.51 1239.97 1843.68 1245.61 
2290.67 1267.2 2370.24 1283.2 
1126.56 1136 1824.09 1166.89 
1265.83 242.976 1955.37 489.422 
720.543 336.028 1528.9 565.514 
653.813 1206.46 1331.09 1206.49 
435 261.807 1350.82 518.584 
178.154 307.769 1185.99 557.414 
932.874 1159.44 2094.51 1193.68 
99.5901 538.325 1116.99 721.62 
1146.45 741.8 1619.13 856.647 
312.12 1355.31 641.197 1306.05 
1916.63 320.661 2461.64 538.496 
1881.28 342.417 2433.03 556.018 
1826.68 690.089 2268.67 820.231 
378.468 295.661 1326.56 545.164 
881.253 1221.88 1449.36 1220.91 
1712.28 975.382 1985.17 1038.4 
1965.98 730.88 2296.36 849.253 
1399.74 1158.86 1798.3 1180.16 
2005.81 1248.96 2274.63 1262.88 
1198.47 1139.97 1662.33 1163.33 
870.637 1225.09 1441.58 1223.78 
1425.67 1253.33 1789.72 1255.58 
719.071 369.073 1527.51 590.174 
1417.39 933.068 1816.62 1005.06 
1339.29 286.493 2011.28 520.714 
1271.09 1155.96 1719.29 1176.94 
28.4419 452.552 1068.77 661.651 
140.49 437.932 1146.2 650.412 
872.361 1124.26 1454.52 1147.33 
1450.07 929.014 1834.93 1002.19 
1215.49 939.34 1673.56 1009.12 
1406.91 1146.39 1804.45 1171.38 
1569.81 553.107 1976.61 710.203 
1741.67 958.526 1914.55 1019.36 
2266.95 1310.75 2346.43 1320.08 
896.751 955.17 1468.71 1019.5 
1251.01 306.169 1941.06 536.703 
1600.39 340.936 2214.82 558.439 
1115.34 1128.4 1815.12 1160.22 
855.808 407.35 1629.13 616.282 
1626.2 622.552 1980.33 759.951 
1628.4 286.319 2269.33 518.33 
1742 957.631 1914.55 1019.36 
1796.29 386.034 2365.59 590.429 
1152 1113.43 1630.51 1142.49 
605.495 802.553 1395.84 908 
759.017 539.308 1541.11 713.913 
1303.84 1144.46 1664.58 1165.92 
1239.05 507.065 1714.4 676.985 
1383.9 1129.2 1635.35 1151.33 
2038.47 1245.24 2301.84 1259.55 
1443.3 370.736 1882.29 570.569 
222.496 315.182 1217.19 561.884 
1830.82 962.007 2171.99 1031.3 
1741.35 744.763 2074.48 858.474 
1428.9 881.227 1821.45 964.057 
1871.84 997.823 2218.19 1061.64 
771.071 354.8 1567.44 579.322 
947.58 1149.75 1493.1 1167.14 
1233.59 1236.04 1681.93 1239.24 
1553.47 1221.87 1950.39 1234.25 
1779.32 952.897 2213.36 1027.71 
813.045 1201.98 1403.75 1204.84 
1692.85 485.801 2069.59 656.422 
1299.03 1138.1 1843.16 1167.19 
1619.61 285.563 2261.38 517.651 
1195.06 1143.15 1659.54 1165.99 
1354.73 958.036 1773.83 1024.25 
1027.12 1134.3 1824.09 1166.89 
1467.1 1249 1838.34 1252.77 
1200.31 1123.09 1699.93 1151.36 
863.687 1174.12 1439.6 1184.67 
830.238 1029.97 1436.66 1076.02 
831.991 397.724 1612.22 610.048 
2348.61 1309.03 2416.16 1319.69 
1632.78 916.028 1986.87 992.482 
1130.47 1224.51 1613.87 1228.13 
1030.26 875.46 1598.98 957.454 
135.917 310.417 1159.1 560.581 
324.475 280.662 1289.6 535.388 
1073.08 629.107 1595.21 771.829 
904.926 1005.1 1475.38 1057.36 
966.686 931.776 1508.34 1001.76 
773.258 1205.84 1377.14 1207.06 
1360.7 948.526 1861.29 1016.46 
1755.45 1175.32 2097.85 1199.29 
1427.58 436.055 1828.5 619.082 
1769.77 1242.34 1994.03 1253.4 
1151.99 1113.28 1630.51 1142.49 
1855.23 338.619 2412.49 553.026 
620.019 330.93 1456.22 563.831 
1929.67 323.035 2470.29 540.591 
1506.95 544.135 1920.76 703.328 
41.9207 332.14 1092.81 577.266 
1741.42 480.952 2118.29 652.88 
1517.63 1176.08 1880.07 1196.15 
748.102 325.626 1551.02 558.141 
1445.51 1155.32 1829.6 1178.63 
1054 902.434 1613.17 979.257 
1926.88 320.311 2470.95 537.619 
1190.95 288.695 1894.3 524.366 
1809.32 1199.17 2143.02 1219.65 
200.891 346.152 1200.96 584.462 
1089.36 539.278 1587.74 698.712 
95.4129 494.984 1114.15 690.646 
656.251 285.328 1483.35 530.342 
1540.72 327.09 2169.04 548.466 
1383.9 1129.2 1635.35 1151.33 
850.907 948.013 1432.17 1013.71 
819.938 1171.51 1410.97 1182.27 
1746.42 503.379 2116.05 669.984 
961.993 1199.77 1501.59 1205.8 
1552.78 1238.34 1898.9 1245.94 
1458.41 298.061 2104.17 527.714 
108.028 1253.59 552.21 1226.43 
1710.44 941.035 2067.93 1014.08 
2409.83 1286.38 2468.6 1301.93 
1820.29 604.142 2280.87 753.529 
1406.52 1247.33 1773.05 1250.02 
1141.66 1126.23 1839.96 1158.5 
1333.51 726.148 1746.45 843.584 
722.925 282.259 1582.88 529.194 
1924.93 374.27 2466.91 579.943 
1699.02 941.711 2058.64 1014.61 
1031.45 462.879 1568.41 646.515 
1093.38 1237.94 1587.16 1237.5 
166.251 237.969 1181.45 508.715 
1171.89 511.985 1663.6 682.192 
44.5642 546.915 1079.59 729.351 
1021.64 1235.13 1541.99 1234.41 
36.0982 525.589 1075.01 713.503 
922.041 1174.98 1477.07 1186.02 
1607.21 1146.5 1972.6 1174.3 
1201.84 893.302 1665.7 973.291 
1050.12 1129.85 1697.41 1158.01 
605.422 1194.37 1283.74 1196.14 
1834.7 753.683 2074.48 858.474 
1182.9 907.512 1658.44 984.706 
1733.21 495.595 2104.77 664.119 
1789.34 945.089 2058.64 1014.61 
2305.31 1278.87 2383.49 1293.12 
1609.74 281.131 2253.32 514.721 
1092.96 264.054 1822.02 507.823 
1284.52 251.881 1969.25 495.477 
2389.45 1283.77 2450.67 1299.53 
1086.1 301.54 1815.81 535.262 
1462.33 572.907 1881.45 725.784 
1393.3 952.316 1806.47 1019.48 
104.076 283.89 1138.85 542.522 
1103.47 1188.04 1595 1198.68 
2452.53 1287.63 2505.43 1303.71 
2097.94 1649.47 771.775 1584.18 
62.9179 502.2 1091.5 696.522 
1327.62 743.307 1745.27 857.531 
1660.65 1259.7 1952.83 1265.6 
1563.51 380.631 2178.91 588.899 
1733.72 875.536 2079.15 962.533 
1560.62 715.135 1895.25 829.829 
1946.09 1258.33 2221.23 1269.12 
44.5239 347.289 1093.04 587.972 
21.7501 577.026 1061.64 749.117 
1772.36 758.594 2150.3 872.526 
171.888 392.929 1178.04 618.06 
1336.98 248.359 2012.83 492.135 
116.449 415.771 1130.83 634.216 
1354.25 1142.29 1768.68 1167.44 
855.172 1118.42 1433.78 1142.06 
1860.4 767.362 2191.41 876.601 
912.311 1225.62 1469.57 1225.55 
1188.6 279.574 1892.76 517.512 
41.9193 610.652 1062.96 772.823 
117.806 524.916 1127.98 711.879 
623.383 442.805 1418.03 643.723 
2223.1 1286.51 2307.54 1297.9 
1714.61 1015.42 2072.33 1073.87 
1314.37 1241.93 1736.2 1244.27 
1793.5 925.781 2222.83 1003.56 
1380.11 1090.03 1739.18 1126.03 
1604.61 972.317 1972.18 1038.18 
2038.47 1245.24 2301.84 1259.55 
1487.56 401.561 1913.49 593.982 
1875.9 401.63 2426.94 602.081 
1055.6 1209.03 1564.91 1213.27 
1221.16 476.885 1687.8 653.898 
722.384 535.335 1518.24 711.527 
992.027 925.844 1548.53 997.061 
102.424 476.35 1120.52 677.094 
1423.85 633.804 1833.14 772.686 
1235.39 1164.12 1685.54 1182.51 
1092.31 1134.3 1801.8 1165.19 
1439.49 959.323 1836.64 1026.17 
160.85 332.544 1174.19 575.976 
150.036 449.868 1153.66 657.062 
2433.15 1268.84 2491.12 1287.47 
1191.43 1175.87 1654.94 1191.36 
27.4484 327.019 1084.01 574.269 
1615.78 478.289 1999.07 651.202 
1658.19 688.716 1980.51 809.01 
1179.71 265.82 1886.04 508.669 
1691.1 949.322 2134.03 1024.01 
1243.48 1144.92 1763.95 1171.11 
134.983 247.952 1160.73 516.476 
1856.08 431.838 2412.52 625.436 
1456.24 654.248 1864.87 788.587 
1289.88 671.095 1740.2 802.486 
815.47 1221.4 1403.95 1219.64 
680.649 400.47 1494.48 613.288 
1832.2 944.621 2251.62 1021.47 
1886.26 503.685 2366.85 675.818 
292.689 395.847 1245.75 616.823 
889.331 391.957 1654.16 604.271 
1301.68 1133.72 1697.41 1158.01 
1664.18 1242.85 1958.83 1251.07 
1075.63 294.965 1808.49 530.495 
204.059 354.161 1202.31 589.585 
1904.53 1236.27 2201.17 1250.64 
1132.99 1233.91 1616.37 1235.54 
746.191 334.688 1550.37 565.014 
1840.71 1165.62 2176.83 1193.22 
192.523 257.027 1198.39 520.921 
1360.31 487.926 1792.16 661.293 
2290.51 1289.99 2368.67 1301.72 
1879.06 1250.31 2184.72 1262.13 
1166.29 886.108 1641.7 968.202 
1007.87 334.524 1751.88 561.403 
1694.55 673.566 2009.59 797.662 
867.414 565.154 1617.8 732.401 
777.536 395.701 1571.39 608.65 
1711.19 1138.36 2067.81 1169.33 
1465.78 1135.84 1662.39 1156.92 
1558.62 1235.8 1903.32 1244.29 
684.157 303.012 1502.11 542.338 
1657.02 1248.58 1950.22 1255.84 
2427.43 1266.76 2487.02 1285.76 
838.976 538.308 1598.36 712.606 
1543.96 1265.88 1892.64 1268.54 
897.309 717.636 1467.91 840.678 
1199.59 1165.2 1699.04 1184.18 
1926.85 757.697 2254.86 869.868 
1406.86 1124.68 1659.93 1150.06 
764.467 434.356 1547.92 636.814 
1669.74 918.4 2020.52 995.047 
1350.78 934.692 1768.39 1005.47 
1300.97 283.044 1979.12 518.601 
244.754 421.034 1218.81 637.979 
1113.74 1089.06 1739.18 1126.03 
1343.86 1125.04 1761.11 1153.15 
46.4106 488.937 1080.56 686.474 
1810.19 428.364 2349.08 620.964 
1699.95 268.062 2342.81 504.783 
123.09 552.221 1131.69 731.435 
2189.33 1235.98 2414.94 1256.25 
1122.58 952.561 1614.3 1018.68 
999.913 1229.41 1527.12 1229.48 
985.061 331.69 1733.36 559.011 
1083.02 1226.66 1580.46 1228.41 
1701.43 919.675 1986.87 992.482 
887.568 550.81 1632.33 721.557 
1081.63 897.544 1581.59 976.388 
1354.68 724.595 1760.68 842.4 
1243.15 1127.12 1691.99 1153.91 
2227.41 1298.61 2309.7 1307.62 
1508.3 398.66 1934.92 591.28 
1802.39 489.944 2168.52 659.74 
2266.46 1251.03 2348.33 1269.34 
1258.92 265.271 1949.13 505.696 
1787.6 1015.47 2139.32 1073.82 
105.037 502.831 1120.94 696.02 
1455.88 743.097 1839.86 856.493 
1353.37 253.333 1955.98 493.317 
120.694 515.221 1131.43 704.94 
11.3615 409.934 1059.52 631.526 
171.74 524.989 1166.37 711.016 
2240.09 1286.86 2321.14 1298.09 
2317.52 1299.62 2393.92 1310.7 
1823.67 924.984 2049.66 996.956 
1595.56 333.527 2210.7 552.332 
100.165 579.775 1110.78 751.642 
1478.37 889.723 1856.32 972.159 
2449.07 1271.91 2503.87 1290.64 
1210.31 289.347 1909.07 524.599 
1788.21 1196.93 2151.36 1216.46 
538.417 445.165 1355.65 645.902 
2420.35 1258.63 2483.89 1278.91 
1323.86 350.408 1994.99 568.067 
869.461 1177.35 1444.1 1187.75 
260.333 548.48 1219.34 726.611 
1761.19 1245.11 2047.52 1255.57 
1708 1232.32 2002.28 1244.4 
1848.68 294.837 2410.43 521.023 
2406.61 1277.68 2466.83 1294.6 
805.699 406.09 1578 615.389 
1720.51 346.56 2309.72 561.501 
1060.81 1172.57 2051.37 1199.01 
101.355 266.658 1137.8 530.182 
887.879 1200.7 1454.31 1205.27 
1680.09 940.474 2198.57 1020.59 
1145.03 1135.33 1843.16 1167.19 
1324.47 931.591 1829.88 1002.6 
1569.4 1145.78 1927.91 1173.15 
63.3385 804.28 987.733 908.421 
667.97 1188.62 1344.33 1192.81 
2447.62 1264.39 2505.9 1284.08 
1391.28 553.304 1823.54 711.363 
1845.31 1173 2179.99 1198.79 
897.146 375.07 1660.72 592.426 
719.191 280.877 1582.88 529.194 
1331.18 1189.4 1833.09 1207.69 
1845.53 479.39 2205.34 651.045 
59.2604 403.755 1092.49 626.259 
890.66 933.16 1458.57 1002.48 
1287.08 914.868 1751.51 990.421 
54.8114 308.165 1102.87 560.088 
1984.09 283.841 2523.5 509.301 
759.778 285.814 1609.26 531.323 
284.985 521.264 1236.45 707.386 
783.385 385.891 1575.04 602.117 
162.978 527.3 1160.07 712.841 
808.876 403.321 1580.54 613.435 
1282.53 683.665 1730.74 812.072 
1725.58 500.591 2116.05 669.984 
1372.68 1235.82 1716.57 1236.61 
1247.88 1203.46 1695.78 1213.1 
1103.73 1196.85 1597.35 1205.73 
1098.42 1149.27 1595.4 1169 
1469.75 278.954 2139.95 515.446 
1034.36 612.052 1569.54 759.05 
119.819 248.878 1150.12 517.704 
1149.34 867.819 1652.07 952.33 
1816.67 763.321 2191.41 876.601 
1512.31 1148.14 1876.96 1174.07 
436.734 277.175 1352.66 529.676 
1788.02 978.427 2057.91 1041.13 
1339.78 274.091 2013.18 511.914 
1251.43 1142.99 1664.58 1165.92 
7.98507 418.158 1056.52 638.589 
1277.38 260.916 1963 502.153 
2295.68 1299.07 2372.85 1310.01 
293.581 426.128 1245.01 638.656 
2054.6 1640.74 563.467 1573.07 
291.211 281.717 1265.34 537.057 
1824.64 308.004 2389.3 530.693 
1787.6 1015.47 2139.32 1073.82 
923.643 1750.47 804.585 1629.8 
615.59 870.547 1386.97 957.668 
1580.1 943.967 2193.9 1025.86 
1685.65 1189.64 2029.5 1209.65 
1592.23 1206.49 1944.21 1221.64 
1233.22 1085.92 1757.16 1123.64 
1429.3 889.904 1853.62 970.846 
207.561 265.914 1208.42 527.435 
122.113 457.743 1133.02 664.006 
407.464 317.318 1328.17 558.659 
1356.12 954.647 1774.47 1021.13 
1801.21 1136.73 2150.17 1169.69 
1531.71 1247.38 1884.19 1252.5 
1550.11 572.05 1958.97 724.641 
962.37 505.118 1517.86 678.796 
1344.06 666.809 1777.29 798.944 
1972.58 624.6 2383.83 767.646 
261.708 521.929 1221.35 707.844 
1518.45 1087.06 1893.68 1126.73 
318.304 308.9 1275.23 554.727 
290.704 278.281 1265.44 534.014 
623.47 328.02 1458.71 561.514 
1093.82 288.747 1821.17 525.775 
915.467 928.692 1477.68 1000.01 
867.442 548.74 1617.84 720.528 
1278.9 731.008 1708.32 847.833 
1464.96 486.255 1873.3 657.899 
711.7 338.941 1522.58 566.891 
1843.27 640.81 2300.87 782.449 
1227.07 899.365 1710.87 978.945 
595.71 403.894 1399.05 615.516 
1875.35 948.7 1973.02 1010.83 
107.38 534.05 1121.2 718.031 
1056.95 1187.48 1568.49 1197.78 
273.592 484.04 1230.09 680.684 
1107.18 1183.98 1673.07 1199.64 
1299.66 1235.18 1728.58 1238.53 
1736.93 1202.03 2077.75 1220.68 
1406.99 1139.27 1843.16 1167.19 
1984.86 263.917 2528.83 493.826 
1022.05 674.596 1560.61 806.911 
20.6269 390.749 1066.28 617.634 
2092.31 589.78 2473.55 739.668 
1081.63 897.544 1581.59 976.388 
731.738 420.243 1528.14 627.163 
838.976 538.308 1598.36 712.606 
11.3615 409.934 1059.52 631.526 
1965.05 763.919 2308.21 875.445 
280.141 1325.34 619.629 1282.65 
1409.86 1154.7 1769.46 1176.08 
1267.56 249.395 1955.98 493.317 
870.615 1146.51 1419.22 1162.59 
1550.65 1193.67 1907.54 1209.98 
778.912 390.676 1571.74 604.918 
812.432 1092.94 1449 1123.27 
1900.01 705.001 2328.52 832.673 
1068.49 665.975 1591.9 800.651 
2025.8 1245.46 2290.76 1259.49 
944.791 1129.2 1523.04 1151.27 
1049.22 1137.79 1768.68 1167.44 
538.417 445.165 1355.65 645.902 
541.59 385.486 1360.41 603.411 
278.55 1321.92 619.465 1279.65 
193.967 298.384 1197.18 550.652 
2313.92 1254.11 2394.98 1272.95 
1621.68 614.937 2014.51 757.931 
1692.85 485.801 2069.59 656.422 
356.42 1306.88 704.039 1270.43 
1490.19 1240.46 1854.62 1246.39 
726.373 772.31 1346.51 881.171 
1253.14 1238.58 1697.69 1240.58 
93.9832 337.781 1117.58 579.896 
682.377 333.28 1502.33 564.496 
335.705 283.496 1298.5 537.149 
1712.28 975.382 1985.17 1038.4 
1844.32 737.831 2169.47 853.934 
258.309 1371.86 564.327 1316.14 
62.3822 320.141 1107.47 568.4 
1893.8 580.959 2373.42 735.941 
922.072 474.358 1487.05 656.004 
818.171 1035.16 1459.51 1080.15 
1147.86 1125.66 1770.27 1156.24 
1766.96 945.283 1933.55 1009.76 
1149.22 950.73 1637.43 1018.15 
842.917 925.615 1427.59 996.758 
41.7555 318.798 1092.78 568.385 
1533.57 1228.38 1885.72 1237.69 
1123.24 1122.19 1821.64 1155.1 
1664.18 1242.85 1958.83 1251.07 
1912.74 910.747 1719.24 968.002 
1693.32 489.811 2069.68 659.863 
1667.01 930.536 2017.83 1004.87 
1238.77 1165.93 1688.59 1183.79 
1738.4 946.671 2000.5 1015.07 
1004.53 1225.44 1530.76 1225.79 
1051.92 1140.84 1664.58 1165.92 
1742 957.631 1914.55 1019.36 
920.59 1201.13 1476.32 1206.79 
1850.6 1169.23 2185.28 1196.3 
2201.08 1090.48 166.999 1058.7 
880.105 1205.14 1449.12 1208.46 
908.844 890.556 1479.99 970.44 
1518.79 272.546 2050.25 502.314 
1522.37 421.971 1938.03 609.072 
1458.16 355.917 2092.62 570.923 
1779.67 307.952 2355.09 531.056 
2548.98 1740.02 53.086 1684.43 
1113.86 1243.57 1602.26 1243.64 
1739.78 484.509 2114.76 655.732 
1805.01 314.22 2374.3 535.214 
1247.88 1203.46 1695.78 1213.1 
1414.47 670.358 1824.33 800.371 
1827.76 950.772 2000.5 1015.07 
1230.29 896.589 1713.45 975.31 
91.3982 245.82 1131.16 516.177 
121.556 424.994 1135.12 641.258 
2315.9 1284.75 2394.25 1297.49 
2370.7 1293.59 2433.49 1306.85 
771.794 383.722 1566.94 600.55 
1388.25 1125.05 1821.64 1155.1 
1510.3 460.706 1902.91 638.351 
1249.41 1140.35 1562.46 1159.68 
841.644 541.717 1599.54 715.405 
760.535 322.389 1560.88 554.818 
1694 1714.18 204.837 1624.32 
1341.21 323.082 2009.73 548.045 
1459.64 1147.19 1801.73 1172.69 
1647.11 479.974 2028.05 652.158 
2244.74 1259.36 2329.56 1276.46 
1860.93 391.498 2415.36 594.186 
2100.46 1010.86 2433.52 1076.15 
1073.87 610.846 1595.93 757.587 
1458.18 928.331 1840.63 1001.66 
1097.38 1088.66 1801.06 1127.55 
190.174 295.672 1194.3 549.327 
140.096 516.833 1144.17 705.94 
1166.42 876.519 1641.88 960.496 
1851.33 951.273 2187.12 1023.41 
128.771 381.678 1140.48 610.015 
1788.42 749.351 2074.48 858.474 
1614.6 294.881 2258.11 524.405 
1482.26 1230.65 1848.59 1238.76 
2256.59 983.239 988.621 990.125 
957.027 1180.09 1500.16 1190.64 
12.6839 536.857 1057.57 720.544 
1334.09 263.707 2010.09 503.533 
378.887 290.402 1326.6 541.335 
1596.96 495.393 1982.85 664.444 
905.269 1206.47 1465.83 1209.61 
992.027 925.844 1548.53 997.061 
2023.65 738.768 2345.49 855.169 
1605.34 937.866 1973.02 1010.83 
187.21 480.377 1187.02 679.492 
958.265 351.435 1706.47 573.529 
1055.6 898.312 1611.96 975.334 
2394.8 1274.32 2457.15 1291.11 
680.502 481.485 1458.26 670.86 
1352.45 1138.73 1766.97 1164.18 
1352.35 1152.98 1559.98 1167.42 
1147.44 1138.98 1697.53 1164.58 
1839.18 335.171 2399.86 551.042 
797.473 733.486 1382.38 852.057 
1148 1131.34 1662.39 1156.92 
1801.21 1136.73 2150.17 1169.69 
1802.02 1820.26 352.267 1723.77 
1858.16 383.015 2413.46 586.755 
1328.38 1085.96 1650.44 1120.91 
1010.71 414.799 1033.6 578.063 
169.145 365.087 1177.64 598.378 
2462.2 1275.14 2517.95 1294.74 
1160.65 1235.41 1635.12 1236.73 
356.42 1306.88 704.039 1270.43 
1242.94 337.737 1931.96 560.098 
1475.52 911.278 1853.43 988.161 
121.411 534.357 1130.91 718.441 
1034.5 1234.54 1549.72 1234.46 
1849.64 340.738 2407.68 554.816 
1626.32 1129.38 273.813 1103.55 
1083.54 531.3 1612.91 697.665 
1915.92 1222.96 2209.71 1240.45 
1093.96 903.157 1592.83 980.964 
831.991 397.724 1612.22 610.048 
1093.01 1168.5 1657.12 1186.34 
1795.79 497.366 2173.1 663.407 
