2967
1558.8 1169.09 1919.16 1191.41 
1701.5 1007.83 2061.66 1065.79 
1668.26 1182.31 2017 1203.56 
1235.01 1187.48 1686.48 1200.64 
1719.45 952.396 2074.09 1023.21 
1450.82 1192.15 1833.09 1207.69 
1680.35 1033.89 2044.32 1088.02 
1813.28 988.009 2160.38 1052.25 
770.352 279.635 1617.43 526.701 
1581.83 1186.57 1935.75 1205.48 
2014.92 1239.3 2281.59 1255.23 
1557.1 917.552 1917.91 993.798 
1617.58 1143.57 1981.61 1172.17 
1520.1 969.202 1896.13 1034.86 
1575.82 1197.41 1931.87 1213.96 
235.163 279.021 1226.52 536.453 
235.176 285.634 1226.71 540.835 
2014.92 1239.3 2281.59 1255.23 
1803 1016.12 2152.26 1074.2 
1166.2 944.656 1803.97 1009.69 
1184.15 1163.2 1649.53 1180.6 
1755.23 1234.02 2042.36 1245.98 
1803 1016.12 2152.26 1074.2 
1724.31 985.508 2078.44 1049.06 
1614.99 279.28 2257.84 513.175 
949.974 1163.3 1495.26 1177.85 
1010.05 947.98 1803.97 1009.69 
1557.14 1161.79 1917.3 1185.63 
222.176 304.451 1216.49 554.1 
1751.08 1168.29 2094.51 1193.68 
643.285 271.698 1473.84 520.72 
1719.45 952.396 2074.09 1023.21 
1517.59 1238.98 1874.4 1245.41 
1343.13 252.21 2017.46 495.069 
1564.94 1153.25 1923.91 1179.05 
142.346 520.391 1145.9 708.684 
1246.92 1165.95 1694.67 1184.05 
1279.82 250.569 1965.65 494.29 
1488.89 268.661 2156.81 507.326 
1289.93 301.109 1969.89 532.234 
2267.7 1262.83 2348.4 1279.16 
1256.4 527.658 1728.66 692.871 
489.745 289.709 1390.03 537.688 
1762.3 1236.48 2048.23 1247.97 
1216.56 1186.63 1673.07 1199.64 
2021.59 1219.6 2288.51 1240.04 
1233.07 1222.13 1682.57 1227.53 
254.026 287.259 1239.45 541.377 
1289.93 301.109 1969.89 532.234 
1808.16 384.177 2374.55 588.92 
1778.16 987.432 2132.58 1051.55 
887.18 380.659 1652.86 596.566 
1833.71 1230.49 2119.82 1244.51 
714.867 391.294 1520.74 606.078 
1266.12 527.275 1735.07 692.867 
1557.18 912.979 1918.12 990.139 
1305.85 298.948 1982.55 529.835 
1228.76 1195.69 1681.81 1206.78 
57.0946 490.383 1087.92 687.765 
1898.34 356.815 2445.02 566.896 
2406.28 1289.26 2464.71 1303.77 
1117.84 1174.48 1607.07 1188.9 
489.745 289.709 1390.03 537.688 
1447.75 1208.6 1831.02 1220.5 
1844.55 1234.28 2127.93 1247.77 
2280.66 1270.03 2359.76 1285.49 
1241.65 1237.96 1689.32 1239.77 
36.3172 457.179 1075.39 665.179 
1808.89 956.201 2156.03 1026.7 
951.133 1170.7 1495.88 1183.43 
2530.04 1266.94 2578.6 1287.95 
1524.02 1216.93 1884.58 1228.36 
1548.24 1233.55 1895.96 1241.5 
1528.95 714.082 1883.27 834.687 
1738.4 946.671 2000.5 1015.07 
1180.87 1222.14 1648.71 1226.56 
1248.43 1227.99 1694.55 1232.47 
2257.47 1258.91 2339.82 1276.06 
707.728 314.051 1520.13 549.871 
1623.09 970.946 2158.25 1044.13 
1595.06 1203.02 1946.71 1218.67 
2027.21 1248.88 2291.38 1263.36 
1603.23 1151.72 1970.02 1178.85 
91.5082 475.403 1112.39 676.829 
1250.1 1199.82 1698.18 1210.43 
1463.29 1170.1 1843.65 1190.59 
633.629 1193.04 1316.46 1195.61 
1728.22 945.592 2160.61 1021.54 
1612.32 1152.05 1976.75 1178.81 
909.563 1206.8 1469 1210.19 
1251.72 1231.03 1697.12 1234.33 
1217.33 1227.88 1668.97 1231.19 
1307 728.665 1727.33 845.984 
1834.27 321.23 2397.11 540.07 
970.641 1209.2 1507.42 1212.82 
294.633 390.507 1246.79 613.248 
980.362 957.991 1861.29 1016.46 
1683.35 986.225 2046.39 1049.45 
1815.64 304.279 2384.4 526.605 
245.423 288.955 1233.74 542.845 
1864.24 331.975 2419.9 548.151 
1276.37 1229.68 1713.24 1233.98 
2027.21 1248.88 2291.38 1263.36 
1817.93 949.21 2160.61 1021.54 
104.929 253.246 1139.82 521.044 
1594 1134.32 1963.78 1164.75 
1462.38 1181.77 1841.83 1199.85 
1212.34 1238.78 1665.18 1239.82 
783.187 385.933 1575.04 602.117 
91.3601 487.819 1112.64 685.494 
2273.51 1294.32 2351.43 1305.41 
1271.7 245.236 1959.13 490.315 
1795.13 1006.52 2145.99 1066.73 
1343.19 1179.49 1760.03 1196.16 
2386.54 1270.41 2449.33 1288.1 
61.0066 506.142 1090.31 699.177 
2380.44 1262.87 2444.61 1281.5 
1339.2 1214.86 1754.17 1223.56 
1312.42 296.755 1987.54 529.024 
2258.17 1270.93 2339.87 1285.46 
205.029 457.944 1198.33 663.332 
132.171 560.915 1138.11 737.17 
1511.13 1183.33 1874.48 1201.95 
1802.24 998.001 2152.18 1059.92 
1567.28 1170.42 1925.25 1192.29 
1355.5 1153.71 1769.46 1176.08 
1228.03 1177.07 1681.24 1192.6 
216.736 383.545 1207.99 610.293 
1334.84 933.028 1838.21 1003.77 
1544.49 1229.37 1893.22 1238.43 
874.143 962.248 1450.41 1024.68 
1755.23 1234.02 2042.36 1245.98 
904.017 1218.18 1464.91 1218.95 
1690.44 1136.69 2049 1167.95 
1221.32 1176.43 1676.63 1191.86 
2276.21 1270.31 2356.25 1285.6 
1415.03 252.99 2073.65 494.33 
1878.21 946.987 2061.57 1012.51 
1802.09 391.953 2370.01 594.723 
1556.1 1182.37 1914.79 1201.59 
1428.44 430.015 1828.48 614.446 
2046.51 1230.66 2309.52 1248.6 
1565.49 1175.24 1924.33 1196.37 
1843.19 1250.33 2125.61 1260.79 
1228.88 1200.32 1681.15 1210.58 
1636.44 933.399 1993.82 1006.87 
1906.15 356.5 2451.57 566.772 
955.837 1190.82 1498.41 1199.1 
1276.62 323.274 1959.11 548.74 
755.449 331.752 1557.04 562.228 
1584.05 1136.2 1957.08 1165.98 
1608.22 578.491 2011.18 729.621 
1907.67 949.29 2243.17 1022.26 
2402.52 1292.99 2461.49 1307.03 
1434.46 948.321 1586.63 1021.66 
1073.38 956.418 1586.63 1021.66 
1543.38 695.446 1892.26 818.349 
1431.93 523.312 1851.71 685.488 
1390.39 938.813 1803.97 1009.69 
1633.67 942.093 2160.61 1021.54 
1270.69 481.777 1723 656.665 
1898 351.656 2444.91 562.852 
1170.71 1226.03 1641.92 1229.43 
752.242 281.68 1603.9 528.876 
120.76 408.122 1134.46 629.091 
911.605 949.659 1803.97 1009.69 
1073.38 956.418 1586.63 1021.66 
1241.99 282.404 1935.11 519.271 
1854.44 1258.89 2135.78 1269.15 
204.868 314.625 1205.07 561.693 
1672.6 1176.98 2021.37 1199.21 
1622.87 948.826 1986.81 1019.1 
2234.66 1305.9 2315.72 1314.63 
244.699 295.418 1233.09 547.419 
874.143 962.248 1450.41 1024.68 
2233.21 1286.39 2315.47 1297.91 
1610.76 1005.45 1977.21 1063.88 
878.671 957.877 1453.85 1021.36 
67.5109 483.725 1096.08 682.771 
198.003 333.966 1199.69 575.565 
1435.29 867.485 1831.67 958.284 
1347.9 1225.8 1761.03 1232.57 
1301.66 284.575 1979.36 519.741 
827.641 1215.56 1413.57 1215.31 
1534.2 1164.55 1904.13 1187.68 
187.216 324.434 1192.12 569.199 
380.696 1315.12 721.472 1277.52 
1819.52 1242.94 2108.3 1254.63 
2277.39 1266.56 2357.04 1282.45 
1998.04 1231.41 2269.58 1248.47 
2260.95 1272.72 2342.43 1287.46 
2251.87 1282.9 2332.37 1295.26 
117.233 482.695 1130.18 682.11 
1913.45 953.658 2248.33 1025.69 
221.465 270.661 1217.21 530.869 
1557.18 912.979 1918.12 990.139 
1299.43 935.602 1735.33 1006.39 
166.845 273.976 1180.26 534.45 
1052.41 1231.16 1562.07 1231.85 
1226.97 1238.93 1676.67 1240.28 
1383.09 1083.82 1816.66 1122.46 
1837.3 345.873 2398.64 559.127 
877.154 407.092 1644.62 616.025 
105.941 270.783 1140.28 533.146 
1473.32 648.747 1879.27 784.12 
1557.73 931.488 1920.52 1004.84 
1249.92 295.956 1939.94 528.992 
1501.31 544.595 1915.87 703.949 
897.677 1183.1 1463.34 1192.47 
1343.58 1195.07 1759.78 1208.05 
1650.26 1262.53 1943.46 1266.79 
1967.84 1212.67 2253.57 1232.53 
2245.43 1266.45 2328.59 1281.67 
1896.7 330.696 2444.84 546.602 
2292.07 1292.89 2370.02 1304.54 
1095.28 1141.72 1592.42 1163.34 
1417.39 933.068 1816.62 1005.06 
1232.7 1211.65 1683.01 1219.39 
2243.85 1280.74 2325.36 1292.86 
1565.54 1119.5 1924.38 1152.45 
123.65 265.804 1152.16 529.617 
870.554 1217.36 1441.89 1217.82 
1751.41 1244.57 2037.86 1254.19 
1498.5 275.163 2164.66 510.866 
1860.15 398.669 2414.98 599.515 
1462.78 1139.9 1843.16 1167.19 
1472.91 944.618 1854.16 1014.31 
2232.95 1302.5 2314.41 1311.29 
752.242 281.68 1603.9 528.876 
1481.16 1249.62 1846.96 1253.49 
1577.03 1193.16 1932.74 1210.85 
1272.73 523.571 1740.23 689.794 
1504.2 1242.4 1864.24 1248.22 
1071.2 256.954 1805.44 503.181 
1750.24 1236.1 2038.15 1247.55 
1454.64 1170.27 1836.33 1190.51 
1795.13 1006.52 2145.99 1066.73 
1661.95 1177.19 2011.63 1199.13 
1250.54 526.54 1724.03 691.613 
193.972 412.937 1191.73 631.356 
138.368 539.945 1143.57 722.093 
1697.59 994.912 2057.63 1056.64 
1593.94 1191.56 1946.46 1209.8 
1472.41 932.036 1770.96 1005.3 
261.115 517.864 1220.83 704.984 
693.972 331.062 1509.54 562.703 
871.093 965.353 1448.03 1026.99 
1854.52 331.131 2411.64 547.7 
852.021 387.556 1626.89 601.78 
960.183 1195.01 1500.96 1202.01 
224.546 299.128 1219.61 550.487 
2527.45 1271.09 2576.05 1291.39 
1668.26 1182.31 2017 1203.56 
1471.8 1210.63 1847.26 1222.46 
2023.03 1238.45 2288.3 1254.91 
60.7803 401.093 1094.22 623.764 
207.994 278.574 1208.08 536.11 
705.935 321.692 1518.9 555.872 
254.442 541.098 1215.59 721.472 
1869.85 1149.88 2211.94 1181.51 
1343.13 252.21 2017.46 495.069 
1215.91 934.371 1432.36 1010.32 
950.356 1160.82 1495.69 1175.79 
1432.61 364.525 1874.74 566.408 
1286.02 308.329 1966.69 537.804 
1711.19 1138.36 1896.13 1034.86 
1730.74 1251.84 2019.2 1260.03 
1644.11 943.526 2000.5 1015.07 
458.524 255.205 1367.64 513.311 
1827.49 1247.32 2114.33 1258.93 
1079.02 253.666 1810.77 500.972 
1083.59 1160.65 1649.53 1180.6 
1250.01 1235.28 1695.67 1237.65 
1634.09 984.376 1996.89 1047.31 
1363.9 1086.56 1802.59 1124.66 
1824.99 315.726 2390.41 536.021 
160.036 530.99 1158.03 715.547 
1418.43 1253.6 1783.38 1255.58 
1560.65 1148.18 1919.83 1174.83 
995.47 1216.99 1525.26 1219.41 
1385.77 1199.17 1791.2 1212.19 
1083.39 282.182 1813.58 521.475 
2018.6 1248.78 2284.27 1263.02 
1935.99 320.898 2476.67 538.685 
1237.69 283.567 1931.33 520.189 
1251.58 1166.26 1699.04 1184.18 
946.467 1139.13 1492.96 1159.34 
2376.66 1275.06 2440.49 1291.61 
1913.45 953.658 2248.33 1025.69 
763.485 334.12 1562.35 563.646 
34.543 480.088 1072.82 680.848 
100.407 480.976 1117.61 680.929 
1035.65 1159.43 1649.53 1180.6 
1717.76 1248.38 2009.55 1257.03 
214.935 297.819 1212.27 549.827 
2280.69 1284.22 2360.01 1296.97 
1129.75 925.749 1617.37 998.426 
102.545 260.901 1137.95 526.523 
1475.48 888.431 1853.62 970.846 
1799.58 945.005 2067.93 1014.08 
1272.36 1239.51 1710.22 1241.72 
1317.83 315.039 1991.57 542.04 
39.5963 479.812 1076.08 680.682 
16.9494 544.57 1059.98 726.74 
1516.7 349.252 2140.25 565.404 
1057.92 925.885 1568.89 997.846 
1860.65 364.662 2416.25 573.182 
1857.81 394.764 2412.71 596.58 
1222.6 261.77 1921.3 504.291 
1383.97 1180.67 1787.47 1197.76 
1275.63 271.335 1960.11 510.071 
1919.67 1209.08 2213.51 1229.01 
2380.44 1262.87 2444.61 1281.5 
906.319 998.759 1477.15 1052.33 
1862.57 403.45 2416.34 603.591 
1277.42 524.011 1745.35 691.178 
1191.48 1139.16 1656.23 1162.82 
1653.01 1249.48 1946.65 1256.3 
996.941 1225.31 1525.67 1225.76 
1128.5 940.594 1770.96 1005.3 
922.388 996.343 1489.34 1051.11 
1002.34 944.059 1540.26 1011.29 
862.045 375.312 1635.66 592.77 
954.104 1159.45 1498.69 1174.47 
187.216 324.434 1192.12 569.199 
1533.5 981.612 1905.53 1043.91 
1760.03 504.356 2127.7 670.906 
940.039 1193.6 1488.56 1200.55 
1557.19 890.653 1918.19 972.676 
1499.77 1245.84 1860.92 1250.6 
2002.63 1251.95 2272.12 1265.69 
2215.96 1301.89 2302.25 1310.81 
2313.01 1295.86 2389.47 1307.47 
778.227 281.12 1623.47 527.523 
1737.51 1242.84 2026.67 1252.58 
1781.61 318.462 2356.47 538.744 
1420.02 936.074 1571 1012.62 
1265.72 531.807 1734.6 696.014 
1166.08 945.487 1803.97 1009.69 
206.06 406.43 1200.48 626.632 
120.7 482.571 1132.46 681.552 
1165.83 921.159 1641.03 994.981 
1794.42 587.995 2336.57 744.588 
2234.66 1305.9 2315.72 1314.63 
201.635 408.614 1197.44 628.449 
1932.29 1211.69 2223.79 1231.38 
1145.36 1122.49 1659.93 1150.06 
67.5109 483.725 1096.08 682.771 
1346.17 357.564 1810.69 562.145 
1166.93 1189.35 1642.08 1200.91 
2025.9 1252.99 2290.3 1267.21 
1347.86 1141.53 1656.23 1162.82 
1745.09 1243.42 2033.03 1253.15 
1697.57 737.325 2033.21 852.354 
399.375 1319.86 734.892 1281.98 
868.075 1189.66 1442.82 1196.18 
1734.78 399.569 2289.18 599.671 
204.389 292.986 1206.04 546.663 
163.968 1344.51 532.021 1293.51 
2276.19 1300.92 2353.7 1310.96 
1799.51 970.959 2067.07 1035.45 
2018.6 1248.78 2284.27 1263.02 
1098.86 1080.89 1803.01 1121.34 
1403.71 1161.83 1801.6 1182.53 
1858.73 426.833 2413.93 621.401 
1267.23 752.198 1748.16 860.508 
127.753 467.137 1138.05 670.283 
1533.5 981.612 1905.53 1043.91 
1906.15 356.5 2451.57 566.772 
159.658 523.607 1157.76 709.965 
1354.39 1212.05 1767.24 1221.82 
1156.74 1217.9 1632.85 1222.81 
2516.51 1269.61 2567.22 1289.73 
230.082 1337.21 592.17 1290.04 
271.096 521.01 1227.17 706.903 
1499.46 1005.56 1879.46 1062.15 
814.176 924.89 1553.67 951.411 
891.321 383.736 1655.45 599.067 
1380.34 1140 1813.84 1166.53 
1243.98 1193.06 1694.06 1204.76 
448.512 252.384 1360.48 511.53 
43.0422 285.515 1098.87 545.236 
182.099 327.093 1188.92 570.969 
2452.71 1283.85 2506.22 1300.75 
1857.81 394.764 2412.71 596.58 
928.665 281.355 1740.19 525.3 
21.8632 496.987 1063.63 693.109 
1195.16 1122.65 1659.93 1150.06 
1108.01 1223.29 1598.15 1226.07 
2238.09 1302.04 2318.87 1310.69 
1939.93 1214.74 2230.13 1233.42 
1066.94 270.853 1802.32 513.357 
1206.07 737.136 1658.8 852.974 
1872.92 999.025 2218.19 1061.64 
1101.12 495.402 1607.07 669.498 
1782.79 1197.05 2119.53 1217.33 
198.003 333.966 1199.69 575.565 
212.476 331.381 1209.62 573.775 
106.016 458.944 1122.83 664.522 
1117.58 1212.71 1605.41 1217.93 
38.7845 341.968 1089.61 584.931 
1477.89 944.946 1858.4 1014.82 
169.664 285.606 1182.09 542.078 
393.974 1315.53 731.501 1278.53 
38.0534 427.077 1076.59 643.458 
1334.81 550.372 1782.1 712.119 
1583.09 1207.63 1936.68 1222.38 
1462.71 582.76 1870.8 732.899 
1946.42 328.579 2486.33 544.739 
1607.15 284.398 2251.39 517.252 
2510.77 1261.86 2562.82 1282.8 
1434.46 948.321 1586.63 1021.66 
1476.21 258.106 2146.67 499.333 
1934.8 1249.84 2212.82 1262.43 
216.195 327.661 1212.78 570.722 
1697.59 994.912 2057.63 1056.64 
229.159 277.627 1222.83 535.119 
1206.42 1238.33 1661.89 1239.87 
2005.81 1248.96 2274.63 1262.88 
1674.3 1200.98 2019.98 1218.48 
1708.7 1249.52 2003.05 1257.4 
1118 1125.44 1635.35 1151.33 
2406.36 1238.49 2492.99 1261.85 
1448.61 277.859 2097.11 512.559 
1160.71 1223.05 1635.19 1226.52 
1542.36 1247.82 1890.99 1253.07 
2277.12 1276.76 2356.97 1291.12 
1802.17 978.918 2152.23 1045.26 
1114.02 1135.98 1813.84 1166.53 
1279.82 250.569 1965.65 494.29 
1349.6 276.232 2021.1 512.371 
1535.73 554.03 1946.02 712.034 
1562.99 1141.82 1922.34 1169.93 
2078.76 1234.26 2334.69 1252.1 
1637.31 938.365 1995 1010.98 
182.707 330.42 1188.48 573.749 
1904.32 345.888 2449.87 558.309 
2200.55 1243.5 2422.49 1261.92 
126.361 411.789 1137.75 631.494 
1166.25 893.161 1592.82 975.075 
1843.23 339.2 2403.02 553.793 
1863.97 422.777 2418.11 618.554 
182.798 321.929 1189.42 567.348 
1759.38 1263.64 2045.52 1270.39 
1881.02 381.633 2431.9 585.609 
1530.15 385.494 2148.24 592.324 
138.094 492.963 1144.39 688.947 
1588.13 1185.09 1940.7 1204.56 
1350.2 1206.44 1764.02 1216.79 
909.95 1221.08 1468.29 1221.6 
900.079 1131.2 1462.71 1152.1 
1503.99 540.749 1918.06 700.973 
1114.54 1227.14 1602.36 1229.02 
864.844 757.717 1433.14 869.852 
1027.1 903.458 1792.56 749.077 
818.101 1223.61 1406.06 1221.66 
1586.34 957.733 1949.51 1024.92 
1802.24 998.001 2152.18 1059.92 
1225.41 1235.13 1674.74 1237.63 
1477.82 1087.89 1802.59 1124.66 
2237.17 1271.75 2320.58 1285.83 
121.222 418.801 1134.51 637.111 
1227.93 280.013 1924.43 517.422 
1588.81 983.693 1960.47 1046.33 
768.832 393.461 1564.42 607.415 
1047.16 1120.99 1659.93 1150.06 
1472.8 890.157 1851.01 972.146 
1936.07 1214.95 2226.98 1233.98 
1396.27 343.766 1845.82 550.64 
229.149 1320.35 592.03 1277.38 
1011.77 1220.52 1535.84 1222.1 
977.67 961.756 1858.43 1020 
814.028 288.933 1648.89 532.43 
267.485 508.467 1225.82 698.036 
972.914 960.393 1619.06 1022.45 
2177.72 580.086 2540.58 729.026 
1520.81 1187.49 1880.92 1205.15 
1867.57 410.39 2421.02 608.552 
1275.87 1244.64 1712.4 1246.25 
1833.88 1251.71 2118.93 1261.74 
1882.6 339.489 2433.69 553.508 
251.123 446.731 1215.28 654.527 
865.686 406.599 1636.64 615.651 
2277.12 1276.76 2356.97 1291.12 
2074.12 1236.29 2330.99 1253.92 
1972.08 265.918 2518.31 494.392 
980.673 1218.96 1515.2 1220.53 
1064.85 1210.35 1571.29 1215.39 
2241.47 1298.35 2321.77 1307.81 
299.85 421.599 1249.94 635.597 
1415.34 509.843 1839.55 677.387 
181.472 395.264 1182.55 618.969 
229.2 270.226 1222.93 529.873 
2313.43 1303.64 2389.46 1314.25 
1300.83 729.257 1723.66 846.394 
1243.69 251.253 1938.04 495.361 
2526.99 1263.25 2575.57 1285.48 
1475.68 1133.28 1963.78 1164.75 
1083.39 282.182 1813.58 521.475 
960.183 1195.01 1500.96 1202.01 
1609.91 1872.41 1253.98 1778.29 
1448.5 1213.47 1830.29 1224.81 
875.944 1225.39 1445.48 1223.93 
1462.19 563.766 1882.02 718.845 
2304.33 1255.18 2385.52 1273.44 
162.743 339.166 1174.13 580.218 
696.529 310.007 1511.03 547.56 
1550.16 557.446 1932.55 710.987 
1253.75 532.581 1726.96 696.574 
1581.5 1773.23 1879.78 1453.37 
1245.83 1241.4 1692.68 1242.78 
2215.79 1290.61 2302.41 1301.07 
1539.56 1221.74 1897.76 1232.59 
1864.24 331.975 2419.9 548.151 
64.5569 494.829 1092.15 690.788 
633.463 1193.15 1316.46 1195.61 
1745.69 957.62 1918.12 1019.69 
1848.68 294.837 2410.43 521.023 
255.44 278.925 1241.7 535.465 
2377.27 1264.67 2442.04 1282.9 
1261.85 526.444 1731.93 692.061 
1063.67 1230.6 1570.19 1229.01 
1115.95 1231.32 1603.51 1231.96 
212.081 1344.92 581.341 1295.39 
1349.82 1208.2 1763.67 1218.37 
1890.93 331.209 2440.23 546.812 
1116.73 1202.35 1605.55 1210.14 
1028.01 664.018 1565.72 798.533 
877.812 379.733 1645.59 595.844 
38.5401 509.723 1073.99 701.775 
1519.98 1084.05 1868.1 765.867 
1549.62 1255.14 1896.64 1260.41 
206.964 302.122 1206.82 552.631 
1178.24 1213.81 1646.93 1220.02 
1937.77 1219.18 2228.01 1237.28 
2366.74 1301.9 2429.41 1314.04 
1669.57 919.455 2020.47 997.649 
1482.89 257.648 2152.09 498.34 
1602.27 269.509 2247.6 505.5 
1794.42 587.995 2336.57 744.588 
1883.72 927.165 2222.83 1003.56 
1473.32 648.747 1879.27 784.12 
765.701 325.051 1564.77 557.1 
1532.96 1243.98 1885.7 1249.92 
1703 942.507 2062.16 1015.34 
1246.49 1143.89 1694.43 1167.07 
294.633 390.507 1246.79 613.248 
1921.11 1212.78 2214.2 1232.33 
1565 1241.18 1907.23 1248.29 
1912.08 1215.4 2207.09 1233.99 
1112.26 1126.1 1812.36 1158.23 
2263.59 1297.52 2342.43 1307.69 
1468.15 584.639 1875.39 734.704 
1835.42 955.535 1918.33 1015.68 
2527.5 1276.08 2576.42 1295.4 
1339.54 673.739 1771.29 804.276 
2385.44 1220.01 2476.3 1246.28 
946.434 1159.66 1492.69 1174.52 
2271.2 1268.02 2351.65 1283.66 
972.393 954.664 1618.78 1018.24 
1123.5 1196.48 1611.78 1206.07 
130.963 578.131 1136.26 749.498 
859.738 943.617 1437.67 1010.33 
996.121 1130.31 1557.61 1154.46 
912.809 571.935 175.439 1131.71 
1269.54 747.973 1745.27 857.531 
1714.45 273.137 1810.77 500.972 
838.62 1202.55 1421.69 1206.16 
42.9145 486.257 1078.07 685.4 
1462.82 1147.35 1842.95 1172.9 
108.666 264.406 1141.94 528.914 
151.327 247.411 1171.94 515.659 
1915.82 959.697 2250.86 1030.61 
1884.79 377.708 2434.46 583.078 
1243.36 508.936 1718.37 678.917 
2252.32 910.607 2359.17 989.537 
182.798 321.929 1189.42 567.348 
1226.82 877.042 1710.87 978.945 
1130.14 917.16 1592.39 990.563 
2430.61 1298.35 2485.56 1311.91 
1245.58 1207.66 1693.1 1216.7 
1281.7 357.015 1961.22 574.324 
1352.96 1167.8 1766.98 1186.86 
166.251 237.969 1181.45 508.715 
166.185 407.02 1173.52 627.989 
2261.56 1301.82 2340.54 1311.47 
1446.67 1204.31 1830.32 1217.07 
206.566 429.433 1198.12 641.145 
1275.78 941.978 1803.97 1009.69 
709.072 306.781 1521.22 544.95 
1575.51 1211.89 1930.78 1225.24 
1021.24 1224.72 1541.87 1225.9 
1566.76 619.022 1922.34 1169.93 
1049.22 1137.79 1768.68 1167.44 
1701.9 1186.04 2044.85 1207.01 
387.43 1337.39 725.694 1294.45 
1662.24 924.951 2182.06 1008.76 
1104.09 1179.12 1597.5 1192.3 
2276.27 1261.23 2356.48 1278.7 
1187.98 1165.03 1836.33 1190.51 
1198.47 1139.97 1662.33 1163.33 
1615.36 288.95 2257.37 521.16 
1864.89 990.31 2212.79 1054.73 
1647.44 949.376 2172.02 1027.07 
1030.26 875.46 1598.98 957.454 
1549.29 1245.19 1896.63 1251.02 
1875.9 401.63 2426.94 602.081 
1477.37 1245.82 1844.18 1250.06 
1652.33 458.631 2046.03 636.375 
1312.63 471.875 1750.25 648.563 
563.241 301.93 1451.03 545.481 
1841.81 300.727 2404.25 523.922 
1000.44 1005.71 1539.05 1057.86 
1824.1 1238.18 2112.62 1249.46 
882.289 388.844 1648.94 602.726 
1684.66 504.937 2308.21 875.445 
856.144 950.893 1435.56 1015.91 
292.689 395.847 1245.75 616.823 
1848.16 384.816 2405.85 589.261 
1010.63 943.326 1804.5 1005.64 
1745.83 953.126 1918.33 1015.68 
1595.68 945.579 2213.36 1027.71 
1641.96 939.413 1998.65 1011.64 
49.698 390.164 1086.02 617.308 
276.593 285.249 1255.51 540.005 
291.216 1347.67 629.091 1299.41 
883.916 1212.54 1452.24 1214.27 
1413.93 934.212 1813.5 1006.08 
1540.38 1233.68 1889.79 1241.82 
189.409 278.519 1196.03 536.738 
2209.66 435.577 2435.93 1919.29 
1468.62 1214.31 1844.73 1225.3 
399.483 1319.57 734.892 1281.98 
208.589 1336.85 578.587 1289.93 
1592.65 309.635 2208.09 534.123 
1862.47 382.446 2416.81 586.948 
39.5957 421.85 1077.86 639.793 
2240.27 1280.39 2322.1 1293.3 
229.149 1320.35 592.03 1277.38 
1454.08 297.642 2100.72 527.968 
1590.36 1212.99 1941.8 1226.19 
1906.35 340.073 2451.94 554.038 
917.227 1004.99 1484.49 1057.52 
996.121 1130.31 1557.61 1154.46 
1742.35 1238.58 2031.06 1249.4 
913.681 927.519 1433.26 997.993 
1619.54 296.034 2261.61 525.769 
131.996 543.492 1138.87 725.89 
1424.47 319.44 2072.86 543.826 
1093.7 895.598 1592.82 975.075 
1873.57 976.053 2138.87 1039.96 
1566.64 1141.05 1925.49 1168.01 
1653.83 1263.41 1946.39 1267.2 
2382.17 1295.47 2443.82 1308.77 
1076.01 269.284 1808.73 511.823 
126.69 556.664 1134.38 734.22 
2263.41 1305.86 2342.24 1314.95 
1643.33 299.702 696.321 589.802 
1536.02 471.743 1925.04 645.977 
1273.8 934.536 1801.59 1004.17 
57.3712 480.694 1088.78 681.034 
1145.64 1163.59 1625.97 1180.38 
2232.95 1302.5 2314.41 1311.29 
1098.04 1233.95 1590.72 1234.25 
1684.66 504.937 2308.21 875.445 
1247.48 249.075 1941.41 493.758 
1832.47 1001.14 2126.33 1060.58 
1869.02 549.803 2353.92 712.106 
1043.78 1132.68 1692.01 1160.4 
1399.38 1150.98 1798.27 1174.82 
1353.05 1199.05 1767.76 1211.62 
194.411 475.871 1191.56 676.597 
2043.75 1229.28 2307.55 1247.73 
368.587 286.244 1575.15 531.099 
1395.65 732.135 1747.2 854.24 
490.038 302.971 1390.12 547.063 
1299.02 1124.23 1821.55 951.478 
1820.95 375.122 2385.89 582.394 
1270.3 523.916 1737.5 689.013 
879.549 1226 1447.77 1224.3 
1633.84 320.376 2272.35 544.082 
1536.07 331.516 2165.36 552.151 
1172.18 894.437 1705.1 971.89 
188.36 404.736 1188.3 625.658 
1113.94 864.319 1592.78 1151.95 
167.13 1354.6 533.736 1301.36 
1553.24 950.703 1918.12 1019.69 
884.282 543.887 1629.68 716.477 
1128.01 1198.87 1615.7 1207.77 
1075.41 260.219 1808.07 505.509 
917.606 979.521 1487.31 1041.5 
1213.49 1225.7 1666.46 1230.2 
830.368 1208.99 1415.56 1210.35 
1104.09 1179.12 1597.5 1192.3 
142.762 342.582 1160.39 582.693 
1972.08 265.918 2518.31 494.392 
1111.69 1215.79 1600.92 1221.11 
1166.29 886.108 1616.77 991.379 
1562.09 1202.55 1922.25 1218.28 
587.299 1313.59 953.354 1282.67 
945.102 715.075 1501.7 837.142 
140.295 496.492 1145.87 691.527 
1243.42 1136.01 1692.01 1160.4 
1834.27 321.23 2397.11 540.07 
1671.47 1247.79 1964.26 1255.42 
958.584 926.396 1548.53 997.061 
1133.03 623.185 2028.92 766.344 
784.229 378.855 1575.47 596.603 
60.4464 374.034 1094.28 605.463 
1093.63 1230.65 1587.49 1231.38 
43.5279 401.394 1081.62 626.342 
21.6839 349.539 1079.09 589.848 
1427.51 363.761 1870.6 565.505 
1780.32 327.482 2355.26 545.625 
1653.01 687.621 2038.27 814.912 
1597.82 1131.91 1966.7 1163.07 
16.4483 402.685 1063.2 626.589 
2002.35 1245.2 2272.21 1259.57 
1555.8 488.709 1982.85 664.444 
2189.01 684.116 2285.52 750.591 
1792.47 943.379 2061.57 1012.51 
1609.15 939.602 2062.16 1015.34 
1049.98 1124.62 1697.38 1153.6 
1402.28 355.242 1850.08 559.722 
1808.13 360.978 2375.69 571.036 
1718.01 745.147 2110.78 864.001 
1078.57 454.224 1604.06 639.503 
1336.88 728.686 1747.7 846.023 
1660.49 1252.1 1953.31 1258.35 
1532.7 1275.17 1892.5 1276.16 
1380.34 1140 1813.84 1166.53 
2254.03 1285.2 2334.53 1297.53 
1517.25 359.705 2140.42 572.695 
1182.06 1218.4 1649.47 1223.69 
1492.45 940.065 1864.97 1007.84 
1890.93 331.209 2440.23 546.812 
823.366 1195.36 1413.02 1199.76 
1021.69 342.418 1764.06 566.835 
1233.59 1236.04 1681.93 1239.24 
263.886 294.561 1246.05 546.699 
608.762 1196.85 1286.48 1198.14 
2276.36 1701.7 2434.65 1820.08 
280.793 415.893 1238.33 631.747 
873.112 317.377 1687.62 552.178 
1856.13 295.44 2417.16 520.488 
122.922 476.243 1133.26 676.973 
1564.17 716.134 1902.7 832.13 
1812.11 1149.99 2205.43 1181.19 
1254.55 1086.61 1802.59 1124.66 
332.685 1940.92 1573.08 670.712 
84.6856 362.933 1110.02 597.98 
1241.99 282.404 1935.11 519.271 
1915.82 959.697 2250.86 1030.61 
1298.91 1144.75 1659.54 1165.99 
1814.64 360.945 2381.22 570.823 
19.9626 522.172 1061.92 710.496 
97.644 380.928 1118.75 610.306 
1429.17 1196.63 1568.49 1197.78 
1710.32 1134.4 2158.25 1044.13 
1205.16 953.503 1586.63 1021.66 
25.3054 1167.94 2261.38 517.651 
1201.84 893.302 1815.08 948.441 
1848.16 384.816 2405.85 589.261 
1939.31 758.24 2254.86 869.868 
123.09 552.221 1131.69 731.435 
1211.86 521.367 1697.83 688.861 
171.888 392.929 1178.04 618.06 
715.13 322.965 1526.72 556.093 
1588.56 1203.81 1941.21 1218.68 
1383.87 320.591 1840.34 533.25 
1811.12 354.858 2378.41 566.227 
476.191 294.915 1380.31 541.744 
974.286 1181.73 1691.89 1201.56 
1265.18 1073.01 1887.46 1114.15 
2365.49 1286.14 2430.04 1300.4 
1834.83 960.974 1918.12 1019.69 
1691.1 949.322 2213.36 1027.71 
110.298 248.012 1143.51 516.92 
111.321 539.849 1124.24 721.969 
1057.64 1228.56 1565.85 1229.61 
16.9696 312.943 1076.83 564.524 
687.053 305.596 1505.18 543.9 
1508.82 268.52 2172.51 505.822 
458.524 255.205 1367.64 513.311 
1356.83 465.355 1779.88 643.402 
1670.31 873.587 1953.71 955.669 
1003.94 1002.56 533.796 1197.04 
1632.87 894.85 1953.71 955.669 
1817.93 949.21 1991.84 1014.23 
1465.04 1143.51 1628.05 1161.96 
1172.18 894.437 1705.1 971.89 
1342.46 1233.69 1755.53 1238.27 
901.273 1211.74 1463.03 1213.43 
1400.62 500.184 1827.33 670 
1616.92 937.052 1982.72 1009.98 
876.473 1221.34 1446.02 1220.15 
53.7635 389.768 1088.9 616.906 
1896.45 587.699 2373.88 741.723 
2257.27 1288.76 2337.1 1300.52 
1570.47 1889.62 911.238 1679.91 
1479.92 1239.33 1846.56 1245.09 
1137.41 1142.06 1620.34 1163.77 
288.119 526.37 1238.43 710.527 
1901.73 1221.35 2198.75 1238.79 
1778.33 345.094 702.844 929.65 
204.059 354.161 1202.31 589.585 
1495.65 437.646 1898.46 625.971 
2308.47 1250.79 2389.8 1270.29 
194.411 475.871 1191.56 676.597 
1073.52 1112.82 1652.07 952.33 
1352.81 951.51 1854.45 1018.69 
904.64 1162.18 1465.39 1176.41 
857.818 534.974 1611.16 710.06 
443.257 252.932 1356.71 512.126 
1901.59 279.053 2455.04 506.147 
13.162 543.625 1057.56 725.43 
1449.57 562.723 2012.32 734.914 
1125.41 1128.16 1640.62 1154.23 
687.053 305.596 1505.18 543.9 
257.831 507.615 1219.54 697.816 
30.5678 400.742 1070.96 623.454 
1488.52 268.145 2156.81 507.326 
1709.92 1431.32 2312.09 524.551 
523.944 1690.25 1953.71 955.669 
661.831 1196.9 1337.86 1198.27 
220.28 354.895 1210.35 590.213 
885.468 1182.91 1455.58 1191.7 
222.237 380.464 1211.16 608.128 
1779.67 307.952 2355.09 531.056 
861.116 1220.86 1435.1 1219.92 
1403.45 1147.91 1801.73 1172.69 
1874.73 394.194 2426.25 596.245 
1639.43 1266.82 1935.44 1270.32 
997.048 1165.39 1526.68 1180.14 
101.23 526.856 1117.11 713.606 
595.507 654.351 1392.82 798.822 
1800.44 387.322 2369.32 591.344 
111.579 401.22 1127.79 624.4 
307.63 391.655 1256.35 614.08 
1322.49 1213.65 1742.7 1222.23 
1184.15 1163.2 1649.53 1180.6 
1085.8 258.871 1815.98 504.012 
1464.26 1187.9 1843.87 1204.54 
1395.82 1116.31 1652.07 952.33 
1503 998.652 1880.97 1057.07 
882.286 959.476 1861.29 1016.46 
996.911 1154.31 1526.33 1171.33 
2490.99 1266.78 2545.65 1287.05 
1802.39 489.944 2168.52 659.74 
1256.11 611.337 1724.37 1828.98 
1158.38 940.573 1644.54 1009.29 
362.154 1745.03 398.921 1704.34 
1874.03 1135.78 1896.13 1034.86 
1094 882.451 1592.62 984.665 
1451.65 282.523 2099.63 515.772 
757.877 1784.11 1258.47 1765.15 
1341.09 1131.37 1528.52 992.244 
1455.64 647.246 1864.36 783.007 
1059.27 905.458 1588.62 983.733 
1906.09 725.259 2248.35 844.436 
166.185 407.02 1173.52 627.989 
1304.3 724.936 1725.67 843.482 
1867.9 1555.55 403.017 1388.55 
2073.91 1232.95 2330.22 1251.05 
68.369 1343.9 474.55 1290.79 
2234.51 1298.91 2315.63 1308.09 
1872.53 398.211 2424.77 599.561 
1858.33 367.601 2413.28 575.681 
1651.79 1256.39 813.712 1660.5 
2148.18 450.384 1005.3 841.62 
895.762 1734.18 729.671 1675.3 
1043.88 1166.83 1557.21 1181.81 
2231.29 1310.93 2312.9 1319.64 
1652.24 948.785 1918.33 1015.68 
252.502 503.205 1216.49 694.289 
1239.97 1212.08 1688.41 1219.84 
97.5564 478.349 1116.63 678.372 
390.901 1349.58 728.859 1303.69 
959.889 1149.74 1666.07 1174.37 
1516.7 349.252 2140.25 565.404 
1341.87 280.739 2013.52 516.631 
402.562 1243.28 261.433 668.455 
1113.48 872.491 1806.66 948.846 
1607.01 273.703 2248.57 511.083 
122.271 486.973 1132.72 684.707 
2286.37 1274.67 2365 1289.04 
2536.24 1279.91 2582.74 1299.01 
1545.1 706.84 2139.53 1922.44 
1793.97 903.753 2144.8 965.131 
956.918 941.251 1501.51 1009.04 
863.263 1168.79 1438.19 1180.78 
1079.7 951.785 1592.15 1018.18 
306.673 1330.78 636.786 1287.06 
937.697 288.604 2248.57 511.083 
608.636 1202.26 1285.81 1202 
215.669 799.608 1837.72 823.439 
858.938 1140.71 1435.78 1159.12 
2130.6 848.107 122.547 812.693 
2254.99 1271.7 2336.5 1285.38 
856.144 950.893 1435.56 1015.91 
1802.1 395.812 2369.79 598.307 
2245.43 1266.45 2328.59 1281.67 
1844.84 432.535 808.027 751.318 
1437.15 916.385 1826.71 992.124 
1503.21 1008.19 1882.36 1064.64 
1731.62 941.991 2081.04 1014.7 
629.916 280.877 1464.43 527.693 
1938.57 915.47 1436.45 996.852 
149.886 1831.54 118.154 1704.05 
146.387 512.225 1148.57 702.482 
12.5235 1873.04 1143.58 767.164 
1960.06 319.864 2498.76 537.609 
1064.92 750.419 1747.7 846.023 
1714.9 638.595 1496.68 974.398 
1145 1142.27 1625.87 1164.57 
1324.18 945.952 1592.15 1018.18 
2454.52 426.081 2206.02 765.237 
1365.05 1093.05 1803.61 1129.94 
1883.9 1237.88 2188.67 1251.55 
687.306 1897.67 1983.98 979.747 
2400.8 720.216 270.568 976.078 
1516.56 952.921 1885.35 1021.44 
199.087 259.131 1205.16 521.421 
1445.63 262.613 2097.11 501.728 
2025.85 1718.85 701.422 1681.79 
1137.09 548.452 1648.73 710.818 
1524.36 1242.94 1878.69 1248.57 
1044.07 1141.07 1763.95 1171.11 
1079.18 614.962 1599.62 760.606 
955.797 930.182 1501.21 1000.78 
928.376 925.976 1976.75 1178.81 
2203.51 520.268 542.398 869.977 
1889.87 587.387 2369.53 741.824 
1878.57 949.979 2062.16 1015.34 
1850.41 1232.03 2132.42 1246.25 
617.132 766.514 2319.32 1015.65 
1879.23 287.826 2436.1 514.46 
2033.73 1190.49 2289.78 1214.35 
1295.56 937.003 1813.5 1006.08 
1093.55 920.442 1592.54 993.968 
56.3738 509.308 1086.62 701.555 
870.283 1178.06 1443.38 1187.92 
777.339 404.187 1827.69 1246.93 
2286.64 1026.56 516.378 1133.25 
876.772 968.73 1452.7 1029.73 
42.2782 1886.39 118.154 1704.05 
313.943 1350.08 642.474 1301.45 
1253.49 863.303 1701.85 949.878 
569.89 1868.38 2211.94 1181.51 
1301.32 911.099 1826.47 985.02 
46.8622 501.562 1080.21 695.483 
937.026 1159.48 2094.51 1193.68 
523.944 1690.25 1953.71 955.669 
2410.51 1694.61 771.775 1584.18 
316.34 398.443 1261.84 618.992 
1882.02 949.088 2225.79 1022.07 
1396.1 1648.91 1885.29 601.09 
2029.97 1243.16 2294.29 1258.74 
1332.7 330.972 2002.96 553.617 
864.436 867.692 2160.61 1021.54 
1855.23 338.619 2412.49 553.026 
258.473 270.364 1243.85 529.659 
1689.35 1189.56 2033.04 1209.93 
1786 995.842 2139.31 1058.69 
140.468 559.638 1143.8 736.1 
2212.09 1288.08 2299.53 1299.72 
21.2208 572.037 1061.44 745.931 
1840.88 497.057 1475.46 1012.12 
1524.08 350.549 2146.26 566.469 
1440.39 939.447 2223.07 1061.02 
1670.31 873.587 1953.71 955.669 
1519.47 613.663 1931.46 757.922 
882.195 1225.23 1450.2 1224.04 
1742.29 345.798 2324.77 560.83 
1166.44 876.282 1641.88 960.496 
258.09 280.865 1242.71 536.992 
1571.82 353.599 2191.64 568.414 
1515.05 639.225 1881.45 772.869 
788.844 372.624 1579.79 591.65 
833.413 1109.94 1652.07 952.33 
701.755 1753.2 2062.67 1659.22 
1461.51 1239.97 1843.68 1245.61 
2290.67 1267.2 2370.24 1283.2 
1126.56 1136 1824.09 1166.89 
1087.15 1412.71 993.233 1713.93 
1382.82 1136.19 1972.6 1174.3 
1265.83 242.976 1955.37 489.422 
720.543 336.028 1528.9 565.514 
653.813 1206.46 1331.09 1206.49 
1421.41 1790.32 2307.05 1068.28 
435 261.807 1350.82 518.584 
187.299 436.457 2487.94 760.627 
178.154 307.769 1185.99 557.414 
932.874 1159.44 2094.51 1193.68 
99.5901 538.325 1116.99 721.62 
1146.45 741.8 1619.13 856.647 
312.12 1355.31 641.197 1306.05 
1916.63 320.661 2461.64 538.496 
1707.7 1199.83 2038.27 814.912 
1881.28 342.417 2433.03 556.018 
1826.68 690.089 2268.67 820.231 
378.468 295.661 1326.56 545.164 
881.253 1221.88 1449.36 1220.91 
1712.28 975.382 1985.17 1038.4 
1269.28 1399.75 1716.15 1355.86 
858.286 1328.35 1528.92 606.26 
1264.5 747.559 1797.67 850.115 
1177.75 951.89 1811.83 1016.05 
1965.98 730.88 2296.36 849.253 
1399.74 1158.86 1798.3 1180.16 
822.084 766.417 2114.41 1062.91 
2005.81 1248.96 2274.63 1262.88 
1198.47 1139.97 1662.33 1163.33 
870.637 1225.09 1441.58 1223.78 
1425.67 1253.33 1789.72 1255.58 
719.071 369.073 1527.51 590.174 
1417.39 933.068 1816.62 1005.06 
1339.29 286.493 2011.28 520.714 
1221.16 610.949 1636.62 763.488 
1271.09 1155.96 1719.29 1176.94 
28.4419 452.552 1068.77 661.651 
140.49 437.932 1146.2 650.412 
872.361 1124.26 1454.52 1147.33 
1450.07 929.014 1834.93 1002.19 
1215.49 939.34 1673.56 1009.12 
1406.91 1146.39 1804.45 1171.38 
1569.81 553.107 1976.61 710.203 
1741.67 958.526 1914.55 1019.36 
2266.95 1310.75 2346.43 1320.08 
896.751 955.17 1468.71 1019.5 
548.304 1804.08 1258.47 1765.15 
1251.01 306.169 1941.06 536.703 
1600.39 340.936 2214.82 558.439 
1115.34 1128.4 1815.12 1160.22 
855.808 407.35 1629.13 616.282 
1626.2 622.552 1980.33 759.951 
1628.4 286.319 2269.33 518.33 
2433.89 853.157 2289.98 1077.95 
766.524 1783.73 7.74982 1681.49 
1742 957.631 1914.55 1019.36 
1796.29 386.034 2365.59 590.429 
1152 1113.43 1630.51 1142.49 
1673.11 760.154 886.472 1897.26 
605.495 802.553 1395.84 908 
759.017 539.308 1541.11 713.913 
1303.84 1144.46 1664.58 1165.92 
1239.05 507.065 1714.4 676.985 
1383.9 1129.2 1635.35 1151.33 
2200.55 208.856 1613.3 524.573 
2038.47 1245.24 2301.84 1259.55 
1443.3 370.736 1882.29 570.569 
222.496 315.182 1217.19 561.884 
1830.82 962.007 2171.99 1031.3 
1741.35 744.763 2074.48 858.474 
1428.9 881.227 1821.45 964.057 
1871.84 997.823 2218.19 1061.64 
771.071 354.8 1567.44 579.322 
947.58 1149.75 1493.1 1167.14 
682.127 372.658 1719.24 968.002 
1700.39 1153.59 1644.69 1142.76 
1233.59 1236.04 1681.93 1239.24 
1553.47 1221.87 1950.39 1234.25 
1779.32 952.897 2213.36 1027.71 
2224.56 1938.05 1542.09 1807.19 
813.045 1201.98 1403.75 1204.84 
123.021 289.523 592.358 905.192 
1692.85 485.801 2069.59 656.422 
207.355 983.302 2218.44 1399.54 
1249.59 936.857 1779.17 1005.4 
1299.03 1138.1 1843.16 1167.19 
1619.61 285.563 2261.38 517.651 
1195.06 1143.15 1659.54 1165.99 
1354.73 958.036 1773.83 1024.25 
1027.12 1134.3 1824.09 1166.89 
1467.1 1249 1838.34 1252.77 
1200.31 1123.09 1699.93 1151.36 
1899.91 786.523 2065.91 1728.38 
863.687 1174.12 1439.6 1184.67 
830.238 1029.97 1436.66 1076.02 
831.991 397.724 1612.22 610.048 
2348.61 1309.03 2416.16 1319.69 
1632.78 916.028 1986.87 992.482 
2470.74 1800.12 186.558 1745.18 
97.8474 1117.15 2109.02 1017.57 
1130.47 1224.51 1613.87 1228.13 
1030.26 875.46 1598.98 957.454 
1527.15 1152.29 1619.51 981.371 
135.917 310.417 1159.1 560.581 
404.753 1845.49 2211.94 1181.51 
324.475 280.662 1289.6 535.388 
1489.19 727.28 1793.34 855.754 
1110.24 1861.15 236.605 1756.83 
1073.08 629.107 1595.21 771.829 
904.926 1005.1 1475.38 1057.36 
1338.6 756.558 1800.37 863.424 
966.686 931.776 1508.34 1001.76 
1351.52 1108.61 1794.3 1492.64 
773.258 1205.84 1377.14 1207.06 
1721.03 764.795 886.472 1897.26 
1094.58 871.547 1757.72 949.335 
1360.7 948.526 1861.29 1016.46 
1755.45 1175.32 2097.85 1199.29 
2165.17 1745.88 1252.04 1783.86 
1427.58 436.055 1828.5 619.082 
1769.77 1242.34 1994.03 1253.4 
1390.64 861.412 1715 971.447 
2579.09 1927.34 1778.26 1677.38 
1163.79 938.473 1801.59 1004.17 
1363.2 668.423 1574.62 1021.47 
1151.99 1113.28 1630.51 1142.49 
841.535 385.305 2544.98 914.542 
1089.14 1148.93 2049.66 996.956 
2083.11 742.134 1998.56 642.426 
14.5461 1674.65 2213.55 1425.12 
388.606 1844.52 2094.51 1193.68 
1263.62 1114.7 1519.89 990.709 
1855.23 338.619 2412.49 553.026 
1331.71 747.425 1793.34 855.754 
606.695 306.644 141.833 582.075 
620.019 330.93 1456.22 563.831 
1929.67 323.035 2470.29 540.591 
1506.95 544.135 1920.76 703.328 
41.9207 332.14 1092.81 577.266 
1335.66 757.491 1797.99 864.903 
508.222 666.68 570.018 902.254 
2159.69 227.445 738.407 583.181 
1741.42 480.952 2118.29 652.88 
1170.08 898.184 1596.15 979.729 
723.603 1766.85 746.924 1644.89 
1517.63 1176.08 1880.07 1196.15 
748.102 325.626 1551.02 558.141 
1445.51 1155.32 1829.6 1178.63 
1054 902.434 1613.17 979.257 
84.7558 1321.95 1635.35 1151.33 
825.03 1098.53 2218.5 1890.79 
1782.58 1889.46 1739.74 1669.28 
1509.57 631.531 1915.05 973.279 
1926.88 320.311 2470.95 537.619 
1190.95 288.695 1894.3 524.366 
1809.32 1199.17 2143.02 1219.65 
200.891 346.152 1200.96 584.462 
1089.36 539.278 1587.74 698.712 
95.4129 494.984 1114.15 690.646 
1938.94 750.681 1466.93 874.452 
1379.52 698.039 2466.92 1670.29 
929.065 947.545 1818.06 1007.56 
656.251 285.328 1483.35 530.342 
2487.08 1672.86 993.233 1713.93 
1540.72 327.09 2169.04 548.466 
1383.9 1129.2 1635.35 1151.33 
1855.34 488.185 2098.08 508.273 
850.907 948.013 1432.17 1013.71 
819.938 1171.51 1410.97 1182.27 
875.894 907.389 1595.21 771.829 
1261.19 933.564 1791.34 1002.73 
1746.42 503.379 2116.05 669.984 
1059.62 1112.87 1652.07 952.33 
961.993 1199.77 1501.59 1205.8 
1552.78 1238.34 1898.9 1245.94 
2274.74 498.354 43.8235 925.837 
1458.41 298.061 2104.17 527.714 
610.98 403.423 1208.2 877.455 
1695.03 1250.14 1592.78 1151.95 
108.028 1253.59 552.21 1226.43 
1710.44 941.035 2067.93 1014.08 
2016.9 815.652 913.459 942.463 
1185.31 1153.4 1982.06 986.821 
2409.83 1286.38 2468.6 1301.93 
1819.43 462.117 231.316 886.517 
2492.81 430.981 369.624 1118.04 
2252.16 1932.89 1714.3 1007.02 
1820.29 604.142 2280.87 753.529 
1942.51 1179.25 330.931 1714.88 
1406.52 1247.33 1773.05 1250.02 
2565.14 1091.27 243.904 1087.23 
511.58 1129.1 327.673 998.077 
1141.66 1126.23 1839.96 1158.5 
1333.51 726.148 1746.45 843.584 
1446.41 863.698 968.104 882.634 
722.925 282.259 1582.88 529.194 
1111.37 313.132 1307.63 796.447 
2347.24 402.384 422.869 964.396 
1924.93 374.27 2466.91 579.943 
1524.42 1156.49 1758.05 729.58 
1699.02 941.711 2058.64 1014.61 
400.102 1884.43 1781.05 1161.4 
1031.45 462.879 1568.41 646.515 
1450.07 929.014 1432.36 1010.32 
1093.38 1237.94 1587.16 1237.5 
1982.26 1198.65 2011.62 650.431 
1147.72 288.503 1225.77 850.908 
166.251 237.969 1181.45 508.715 
1171.89 511.985 1663.6 682.192 
44.5642 546.915 1079.59 729.351 
1021.64 1235.13 1541.99 1234.41 
1053.88 341.931 893.88 1048.3 
1917.53 697.703 2269.38 1116.63 
36.0982 525.589 1075.01 713.503 
922.041 1174.98 1477.07 1186.02 
1607.21 1146.5 1972.6 1174.3 
1201.84 893.302 1665.7 973.291 
701.755 1753.2 2062.67 1659.22 
1050.12 1129.85 1697.41 1158.01 
904.011 898.505 1625.96 761.639 
605.422 1194.37 1283.74 1196.14 
1834.7 753.683 2074.48 858.474 
1182.9 907.512 1658.44 984.706 
1733.21 495.595 2104.77 664.119 
2183.87 1148.83 155.591 827.627 
2332.82 1846.35 1691.77 1471.31 
1997.46 359.227 830.299 1093.09 
1179.38 1159.86 1608.56 679.34 
1789.34 945.089 2058.64 1014.61 
2305.31 1278.87 2383.49 1293.12 
1609.74 281.131 2253.32 514.721 
1092.96 264.054 1822.02 507.823 
1284.52 251.881 1969.25 495.477 
153.619 1052.97 481.922 1222.93 
2389.45 1283.77 2450.67 1299.53 
1086.1 301.54 1815.81 535.262 
2378.38 249.192 122.078 1183.68 
822.112 1145.84 1846.04 1180.07 
1462.33 572.907 1881.45 725.784 
279.002 1670 13.3075 1130.65 
1393.3 952.316 1806.47 1019.48 
104.076 283.89 1138.85 542.522 
1385.88 1595.07 516.125 864.679 
1212.91 956.54 2147.82 1320.77 
1277.23 761.255 1797.99 864.903 
1103.47 1188.04 1595 1198.68 
2452.53 1287.63 2505.43 1303.71 
904.716 1157.81 1656.9 1182.93 
1284.74 368.001 1450.28 759.963 
2097.94 1649.47 771.775 1584.18 
2007.06 1096.49 796.685 1186.86 
62.9179 502.2 1091.5 696.522 
1312.76 545.507 2028.22 1236.35 
1327.62 743.307 1745.27 857.531 
238.012 953.054 1960.47 1046.33 
1660.65 1259.7 1952.83 1265.6 
1563.51 380.631 2178.91 588.899 
1733.72 875.536 2079.15 962.533 
385.978 757.883 2316.47 799.251 
1560.62 715.135 1895.25 829.829 
1922.43 1888.85 1605.36 1643.71 
1946.09 1258.33 2221.23 1269.12 
2252.44 309.609 2361.08 1249.99 
704.159 1089.21 583.319 1061.63 
44.5239 347.289 1093.04 587.972 
21.7501 577.026 1061.64 749.117 
1772.36 758.594 2150.3 872.526 
1599.47 414.702 627.369 846.554 
1586.86 1905.12 1994.54 1429.26 
2064.75 902.774 2317.78 1077.77 
588.49 1882.39 38.0677 1685.12 
172.334 875.017 1697.79 590.418 
2563.87 1121.09 1138.32 1080.61 
521.961 497.636 847.478 1239.62 
296.638 1222.83 125.935 624.786 
2227.11 1801.11 1778.26 1677.38 
171.888 392.929 1178.04 618.06 
698.303 1926.89 181.177 1640.64 
718.872 887.58 1932.55 710.987 
998.023 946.51 1793.83 1008.18 
1336.98 248.359 2012.83 492.135 
116.449 415.771 1130.83 634.216 
1354.25 1142.29 1768.68 1167.44 
855.172 1118.42 1433.78 1142.06 
263.584 1100.27 1930.78 1225.24 
75.6996 1066.56 363.248 964.803 
1860.4 767.362 2191.41 876.601 
912.311 1225.62 1469.57 1225.55 
1188.6 279.574 1892.76 517.512 
1050.95 1939.95 1995.2 1674.98 
767.048 737.7 472.404 593.086 
41.9193 610.652 1062.96 772.823 
1468.14 705.002 1485.48 866.99 
117.806 524.916 1127.98 711.879 
623.383 442.805 1418.03 643.723 
2478 802.812 1243.89 865.687 
1424.27 1832.13 1927.81 1690.84 
2223.1 1286.51 2307.54 1297.9 
624.75 1185.53 1551.93 1518.32 
1338.63 884.423 1498.69 1174.47 
1714.61 1015.42 2072.33 1073.87 
1314.37 1241.93 1736.2 1244.27 
2472.02 1226.1 456.686 1280.28 
1073.69 643.961 1686.65 766.898 
1793.5 925.781 2222.83 1003.56 
1380.11 1090.03 1739.18 1126.03 
2050.54 1723.75 2418.91 946.534 
1604.61 972.317 1972.18 1038.18 
2038.47 1245.24 2301.84 1259.55 
1487.56 401.561 1913.49 593.982 
1875.9 401.63 2426.94 602.081 
2552.61 379.746 1806.65 959.943 
508.109 287.756 1240.09 550.68 
1055.6 1209.03 1564.91 1213.27 
260.701 1327.31 2420.79 838.708 
1221.16 476.885 1687.8 653.898 
977.478 1246.38 101.541 569.916 
1045.23 286.103 2017.46 495.069 
1984.11 1301.81 2553.61 1404.87 
849.702 776.365 1748.16 860.508 
2331.44 1817.96 122.297 1459.86 
722.384 535.335 1518.24 711.527 
2487.23 674.674 190.031 662.107 
2546.67 1915.35 223.543 1760.95 
532.543 1851.2 2162.19 1405.61 
992.027 925.844 1548.53 997.061 
2534.55 1937.44 1265.98 1764.97 
2128.06 388.684 2506.75 780.887 
102.424 476.35 1120.52 677.094 
1879.98 757.662 2074.48 858.474 
1423.85 633.804 1833.14 772.686 
1235.39 1164.12 1685.54 1182.51 
1092.31 1134.3 1801.8 1165.19 
810.131 1775.66 1599.12 1643.31 
1439.49 959.323 1836.64 1026.17 
355.958 1223.36 19.6604 579.911 
160.85 332.544 1174.19 575.976 
1252.59 1492.49 223.543 1760.95 
330.6 1596.79 172.25 542.069 
150.036 449.868 1153.66 657.062 
1160.11 1114 1652.07 952.33 
2433.15 1268.84 2491.12 1287.47 
1191.43 1175.87 1654.94 1191.36 
27.4484 327.019 1084.01 574.269 
860.197 318.375 2188.89 509.749 
2252.72 329.41 949.166 1165.62 
142.926 822.421 578.439 1229.77 
2042.15 1792.39 48.2199 1110.14 
1615.78 478.289 1999.07 651.202 
603.202 1300.83 730.072 1256.87 
1445.96 1237.01 1274.23 942.798 
1658.19 688.716 1980.51 809.01 
1754.68 303.458 2016.47 521.812 
1179.71 265.82 1886.04 508.669 
1691.1 949.322 2134.03 1024.01 
1324.97 953.957 2147.82 1320.77 
900.314 823.796 1364.13 842.024 
1243.48 1144.92 1763.95 1171.11 
1303 598.886 1785.51 742.478 
134.983 247.952 1160.73 516.476 
1362.91 602.829 1760.89 730.878 
1207.42 914.456 1641.7 968.202 
1856.08 431.838 2412.52 625.436 
1456.24 654.248 1864.87 788.587 
1042.37 1916.64 1855.71 1502.13 
1345.89 740.502 1732.8 661.542 
2409.39 1886.52 1984.05 592.079 
1289.88 671.095 1740.2 802.486 
815.47 1221.4 1403.95 1219.64 
680.649 400.47 1494.48 613.288 
419.476 778.81 775.47 977.704 
1422.51 732.816 1854.08 840.608 
1832.2 944.621 2251.62 1021.47 
2505.21 694.526 2164.33 745.161 
924.806 1228.57 1886.02 758.978 
1886.26 503.685 2366.85 675.818 
292.689 395.847 1245.75 616.823 
1569.39 1853.91 1600.69 1640.67 
889.331 391.957 1654.16 604.271 
2342.32 888.725 2546.81 1126.72 
988.144 640.367 52.0634 1687.22 
692.91 287.002 2304.29 918.996 
1382.82 911.227 923.644 1230.84 
1301.68 1133.72 1697.41 1158.01 
160.774 1624.62 387.53 888.339 
811.736 1835.26 678.217 917.857 
1794.02 1441.35 2138.59 1435.72 
1255.02 1076.58 1490.59 957.693 
1664.18 1242.85 1958.83 1251.07 
1075.63 294.965 1808.49 530.495 
204.059 354.161 1202.31 589.585 
2119.45 742.466 2074.98 1688.61 
1904.53 1236.27 2201.17 1250.64 
1054.65 272.369 1119.32 525.46 
1132.99 1233.91 1616.37 1235.54 
2185.84 1195.55 1231.02 1056.63 
47.8503 1623.54 1661.83 1652 
746.191 334.688 1550.37 565.014 
1840.71 1165.62 2176.83 1193.22 
2227.49 296.118 1162.35 1024.76 
192.523 257.027 1198.39 520.921 
1360.31 487.926 1792.16 661.293 
2290.51 1289.99 2368.67 1301.72 
1251.59 246.873 1985.73 499.03 
2003.66 253.529 14.4827 1150.72 
1052.67 1831.86 1789.06 1162.07 
1879.06 1250.31 2184.72 1262.13 
189.319 1075.03 951.282 880.541 
1298.33 816.348 207.653 987.409 
1166.29 886.108 1641.7 968.202 
1007.87 334.524 1751.88 561.403 
1694.55 673.566 2009.59 797.662 
1519.58 888.532 1349.82 1126.2 
867.414 565.154 1617.8 732.401 
777.536 395.701 1571.39 608.65 
874.395 1683.26 2355.57 1427.88 
1711.19 1138.36 2067.81 1169.33 
108.675 1921.46 393.139 1713.52 
1136.2 1161.1 1545.43 1530.34 
1332.01 1615.72 2110.9 1441.66 
1465.78 1135.84 1662.39 1156.92 
1558.62 1235.8 1903.32 1244.29 
684.157 303.012 1502.11 542.338 
1415.03 252.99 1628.69 526.814 
1799.07 1358.03 2137.02 1381.02 
1657.02 1248.58 1950.22 1255.84 
2427.43 1266.76 2487.02 1285.76 
838.976 538.308 1598.36 712.606 
725.232 297.834 379.606 598.669 
907.891 778.529 1760.06 864.699 
187.805 993.375 117.635 645.224 
2355.48 501.036 2354.22 633.52 
1543.96 1265.88 1892.64 1268.54 
1607.45 693.808 2129.81 838.233 
897.309 717.636 1467.91 840.678 
1199.59 1165.2 1699.04 1184.18 
368.512 395.834 1348.12 723.179 
885.177 909.857 1484.07 965.179 
1069.62 455.427 1895.83 579.306 
1926.85 757.697 2254.86 869.868 
1899.04 1248.13 1603.44 1237.84 
1406.86 1124.68 1659.93 1150.06 
764.467 434.356 1547.92 636.814 
2152.41 1820.74 907.064 1686.55 
1700.53 815.246 2017.32 985.748 
1669.74 918.4 2020.52 995.047 
2245.11 554.235 1325.27 743.522 
1350.78 934.692 1768.39 1005.47 
1300.97 283.044 1979.12 518.601 
2588.89 689.811 2584.55 1939.42 
244.754 421.034 1218.81 637.979 
218.892 1609.93 464.505 1688.67 
955.331 427.041 564.838 911.013 
1981.87 1208.05 1930.78 1225.24 
2233.97 220.379 141.326 540.18 
612.333 1135.67 2161.42 816.999 
1872.83 1722.49 1709.88 1007.01 
1113.74 1089.06 1739.18 1126.03 
1343.86 1125.04 1761.11 1153.15 
2485.8 312.445 548.3 927.477 
2580.75 582.997 2485.35 695.524 
46.4106 488.937 1080.56 686.474 
351.646 646.902 673.401 686.265 
2541.63 1772.29 1254.31 1770.93 
379.713 1299.86 720.066 1490.61 
1810.19 428.364 2349.08 620.964 
1958.33 934.105 1732.14 1188.01 
2580.9 1885.09 1217.9 1780.18 
1699.95 268.062 2342.81 504.783 
372.643 1722.51 1778.26 1677.38 
1441.54 942.812 1592.15 1018.18 
978.785 905.439 1634.7 959.507 
1215.11 756.659 1793.34 855.754 
1187.17 939.085 1735.33 1006.39 
123.09 552.221 1131.69 731.435 
1279.98 1612.44 859.366 1101.52 
2237.7 1902.85 236.605 1756.83 
2189.33 1235.98 2414.94 1256.25 
1122.58 952.561 1614.3 1018.68 
2327.65 514.019 2166.86 787.388 
1338.8 867.525 1821.55 951.478 
1580.28 476.598 1902.91 638.351 
2174.88 1721.9 2466.92 1670.29 
999.913 1229.41 1527.12 1229.48 
985.061 331.69 1733.36 559.011 
2321.54 368.178 44.9258 792.652 
272.036 1045.2 1195.16 526.627 
1226.62 678.575 1670.97 811.875 
1083.02 1226.66 1580.46 1228.41 
1701.43 919.675 1986.87 992.482 
688.082 894.735 2245.42 628.687 
1163.92 866.974 1696.04 950.155 
938.117 609.095 1129.87 546.455 
175.119 844.798 2248.06 1915.58 
1264.59 856.351 1710.86 963.063 
887.568 550.81 1632.33 721.557 
1081.63 897.544 1581.59 976.388 
2435.44 1046.13 588.949 743.167 
454.081 1718.88 1476.51 1268.98 
1024.52 875.088 1594.09 956.891 
1586.14 640.878 2020.52 995.047 
1354.68 724.595 1760.68 842.4 
1532.32 1122.35 1405.02 1170.06 
1632.52 1188.17 2104.77 664.119 
547.81 360.771 2442.16 705.111 
1335.37 308.113 1021.81 741.887 
295.735 430.233 2536.01 711.98 
1243.15 1127.12 1691.99 1153.91 
2227.41 1298.61 2309.7 1307.62 
896.09 1937.48 239.706 1759.21 
1508.3 398.66 1934.92 591.28 
1989.72 791.734 1599.03 1261.32 
1531.2 856.631 917.45 759.037 
1802.39 489.944 2168.52 659.74 
2266.46 1251.03 2348.33 1269.34 
139.377 337.476 252.77 673.62 
1699.97 1863.93 236.605 1756.83 
1258.92 265.271 1949.13 505.696 
1787.6 1015.47 2139.32 1073.82 
2035.78 762.806 802.908 1672.95 
324.373 470.686 880.524 664.861 
926.486 615.455 2301.84 1259.55 
1832.92 507.946 991.935 1143.95 
105.037 502.831 1120.94 696.02 
1671.22 1242.4 957.311 1707.87 
232.18 1895.59 1600.69 1640.67 
2321.68 513.312 484.015 1207.75 
1455.88 743.097 1839.86 856.493 
2029.41 1937.06 1468.88 1825.04 
1353.37 253.333 1955.98 493.317 
878.332 311.341 1933.04 494.717 
120.694 515.221 1131.43 704.94 
1799.81 584.831 997.479 982.367 
11.3615 409.934 1059.52 631.526 
1249.57 897.234 1641.36 978.918 
199.781 1559.83 2340.54 1311.47 
1371.68 1073.92 1592.54 993.968 
506.383 1307.91 1299.68 942.839 
1354.46 1310.41 874.188 767.838 
963.94 653.01 972.834 1176.5 
171.74 524.989 1166.37 711.016 
1130.97 960.74 1774.47 1021.13 
2240.09 1286.86 2321.14 1298.09 
1302.4 603.63 1783.48 746.257 
2317.52 1299.62 2393.92 1310.7 
1823.67 924.984 2049.66 996.956 
2082.01 1730.37 1231.51 1128.75 
1792.63 1381.18 971.465 943.41 
923.871 946.256 1813.5 1006.08 
2440.23 260.522 496.623 1062.34 
1595.56 333.527 2210.7 552.332 
2570.95 995.319 482.149 658.314 
100.165 579.775 1110.78 751.642 
522.328 295.632 375.363 584.146 
922.797 1713.12 1983.97 985.988 
1478.37 889.723 1856.32 972.159 
2449.07 1271.91 2503.87 1290.64 
761.022 693.027 937.439 862.368 
1210.31 289.347 1909.07 524.599 
88.7723 1157.81 260.782 561.041 
999.049 431.958 2184.45 801.314 
1788.21 1196.93 2151.36 1216.46 
2216.06 269.087 452.159 637.422 
2332.14 809.406 1892.01 563.784 
538.417 445.165 1355.65 645.902 
1817.52 1727.17 1709.88 1007.01 
516.886 1758.59 2091.43 695.699 
2420.35 1258.63 2483.89 1278.91 
1323.86 350.408 1994.99 568.067 
1827.24 465.703 9.61412 1119.14 
482.089 1023.46 579.516 732.361 
869.461 1177.35 1444.1 1187.75 
260.333 548.48 1219.34 726.611 
1731.38 1773.68 940.57 915.118 
1761.19 1245.11 2047.52 1255.57 
27.3029 817.143 1332.54 769.578 
542.686 1007.8 261.4 1268.62 
1471.78 624.315 1913.85 768.978 
1788.68 1137.42 1985.17 1038.4 
582.891 1875.3 1596.29 1815.73 
2278.73 526.073 2520.76 776.832 
1708 1232.32 2002.28 1244.4 
1848.68 294.837 2410.43 521.023 
541.257 1202.66 337.983 907.839 
983.05 1792.77 1747.07 1172.92 
70.8089 1618.83 227.21 787.133 
2101.15 413.133 395.489 1282.86 
1505.36 494.172 1873.3 657.899 
1268.25 1868.73 1656.91 1296.49 
191.958 1630.11 1492.26 1059.05 
2406.61 1277.68 2466.83 1294.6 
805.699 406.09 1578 615.389 
428.099 1105.45 798 1040.48 
216.457 1133.91 832.124 1674.39 
2572.71 1810.01 1714.3 1007.02 
1720.51 346.56 2309.72 561.501 
153.474 976.094 2450.8 1280.21 
1625.33 472.944 1660.84 868.373 
638.766 858.451 2050.94 511.489 
2526.33 1103.6 888.635 1035.33 
1928.48 573.173 1076.47 899.572 
1060.81 1172.57 2051.37 1199.01 
2079.51 358.942 193.9 1162.92 
2033.08 1648.22 771.775 1584.18 
798.43 1522.25 2295.48 1238.15 
1746.78 1750.19 1066.96 1717.45 
1902.6 383.766 1318.14 1008.02 
101.355 266.658 1137.8 530.182 
1082.54 877.348 1687.8 653.898 
887.879 1200.7 1454.31 1205.27 
958.635 1096.26 1980.33 759.951 
2003.44 1713.47 1688.12 1491.68 
2348.07 505.765 2441.37 971.449 
1807.91 1884.38 1479.35 1182.57 
1812.94 1785.46 769.234 1633.49 
9.72935 849.962 2306.62 1154.11 
1680.09 940.474 2198.57 1020.59 
1145.03 1135.33 1843.16 1167.19 
1324.47 931.591 1829.88 1002.6 
187.068 1885.54 2227.57 865.149 
1218.63 607.369 1718.6 974.831 
1569.4 1145.78 1927.91 1173.15 
63.3385 804.28 987.733 908.421 
667.97 1188.62 1344.33 1192.81 
502.469 659.483 1935.44 1270.32 
604.572 613.207 146.244 1016.14 
1979.13 443.153 292.969 1049.35 
1005.45 328.41 2036.42 495.944 
1714.9 638.595 1496.68 974.398 
2047.68 1064.48 881.611 1668.64 
87.233 332.963 1007.03 900.368 
2447.62 1264.39 2505.9 1284.08 
271.738 1122.49 922.225 1179.65 
1414.64 314.224 2316.53 761.031 
920.409 766.362 1742.91 854.528 
1150.48 623.197 1782.77 736.174 
759.395 424.727 2367.18 1023.2 
1391.28 553.304 1823.54 711.363 
173.725 1869.54 1550.08 1803.65 
690.277 271.378 1414.32 1790.81 
2039.37 1181.94 1037.82 971.257 
1260.75 650.863 1786.4 780.367 
1384.73 1646.36 1939.39 1430.6 
1504.98 373.245 2120.53 614.999 
1845.31 1173 2179.99 1198.79 
1111.75 1538.94 2024.59 1435.34 
1136.98 1652.79 1843.87 1204.54 
1991.42 940.03 1958.8 1803.93 
962.597 1904.17 1898.96 1174.89 
926.87 1807.32 115.486 1716.41 
897.146 375.07 1660.72 592.426 
544.051 1019 1466.5 1114.53 
264.496 893.517 264.962 1054.57 
719.191 280.877 1582.88 529.194 
1832.3 1613.04 697.37 1673.53 
131.399 1088.37 2403.01 944.683 
2061.28 1083.71 2155.83 501.458 
1143.32 345.516 2367.78 682.888 
26.6391 1366.67 841.02 914.019 
698.588 805.685 648.424 826.044 
676.412 320.832 2576.37 1162.48 
431.867 427.966 1620.05 1688.33 
1045.61 878.641 1687.8 653.898 
1331.18 1189.4 1833.09 1207.69 
1845.53 479.39 2205.34 651.045 
1262.04 1855.04 1193.14 1112.4 
39.7907 364.816 681.899 834.86 
59.2604 403.755 1092.49 626.259 
1788.45 1367.31 2086.83 1747.91 
2457.5 752.737 2361.69 1857.63 
890.66 933.16 1458.57 1002.48 
1361.57 739.358 1728.86 858.708 
313.058 869.582 525.678 668.906 
1287.08 914.868 1751.51 990.421 
54.8114 308.165 1102.87 560.088 
1984.09 283.841 2523.5 509.301 
1790.11 1784.67 1189.13 1798.27 
445.65 609.802 588.254 991.232 
1790.11 1784.67 2394.05 1069.85 
2363.73 1860.31 1252.04 1783.86 
759.778 285.814 1609.26 531.323 
2173.16 1143.5 2383.13 920.205 
284.985 521.264 1236.45 707.386 
783.385 385.891 1575.04 602.117 
2510.68 1117.58 1215.33 732.407 
162.978 527.3 1160.07 712.841 
808.876 403.321 1580.54 613.435 
64.7342 731.686 2363.21 1160.01 
1269.28 1399.75 1716.15 1355.86 
1282.53 683.665 1730.74 812.072 
1881.59 1233.68 1591.85 1473.72 
1725.58 500.591 2116.05 669.984 
6.2467 738.728 1288.32 1148.74 
1425.7 1623.94 2110.53 1269.26 
2080.64 945.779 2546.69 792.853 
348.333 1720.63 681.459 1683.83 
2161.14 732.031 246.471 603.927 
1372.68 1235.82 1716.57 1236.61 
378.494 1814.64 752.8 1642.98 
1409.49 1134.47 1856.07 977.259 
1306.09 1085.61 2133.4 1201.72 
1009.68 316.594 1042.1 737.828 
114.179 766.756 1698.66 686.164 
2273.67 575.587 1231.15 861.972 
1247.88 1203.46 1695.78 1213.1 
196.743 570.585 1960.76 496.843 
1324.5 945.678 1592.15 1018.18 
1103.73 1196.85 1597.35 1205.73 
1332.18 1133.99 2010.46 795.048 
1098.42 1149.27 1595.4 1169 
2428.94 342.579 1580.54 613.435 
274.439 904.883 1221.35 707.844 
1469.75 278.954 2139.95 515.446 
2071.28 1002.24 1773.43 1743.9 
859.892 838.967 540.802 660.984 
1790.35 1467.18 198.731 1260.44 
749.868 765.301 2044.28 841.997 
1523.3 469.028 1910.37 719.437 
1034.36 612.052 1569.54 759.05 
2429.34 937.389 402.142 905.951 
1081.16 506.215 1499.55 1185.78 
1474.12 1762.96 2339.25 698.89 
465.042 1064.4 1891.34 1488.72 
1852.02 944.818 2418.91 946.534 
2281.9 959.584 2378.39 1030.48 
2061.5 1632.58 1781.71 1453.05 
348.35 1082.26 1203.54 631.96 
2426.2 1035.76 1202.78 1194.43 
548.392 807.497 578.375 1080.19 
1998.33 1041.94 2214.34 1237.05 
773.421 279.448 1115.07 538.229 
524.167 1192.29 2245.2 1094.23 
401.888 639.695 1685.96 586.351 
1116.18 420.027 1054 722.109 
1909.14 1201.78 434.912 1020.18 
1263.41 1231.43 38.5588 577.426 
119.819 248.878 1150.12 517.704 
1482.77 665.446 1677.1 792.042 
2519.18 1197.07 300.979 658.501 
1149.34 867.819 1652.07 952.33 
2169.68 640.321 1718.5 833.399 
1514.04 1573.7 58.5942 662.091 
688.272 1683.9 2476.42 1812.56 
1816.67 763.321 2191.41 876.601 
1211.45 896.63 1620.39 979.007 
2517.58 1236.33 2341.9 511.558 
1076.3 1124.42 1747.63 1142.39 
990.116 578.983 1738.85 586.444 
300.542 368.861 2034.14 570.984 
166.272 576.395 2184.55 1878.88 
264.868 410.411 124.459 670.469 
1745.64 324.356 344.78 601.089 
702.687 1080.91 665.826 1169.96 
1512.31 1148.14 1876.96 1174.07 
2123.56 271.679 558.026 1257.86 
2107.73 1722.87 87.9912 868.18 
436.734 277.175 1352.66 529.676 
1116.52 1750.12 2342.78 1170.29 
2396.01 197.844 882.38 612.658 
1788.02 978.427 2057.91 1041.13 
1339.78 274.091 2013.18 511.914 
1071.5 597.414 1635.28 1833.27 
2480.47 591.206 1234 963.156 
1251.43 1142.99 1664.58 1165.92 
1531.33 463.112 1681.98 1854.87 
25.1472 1044.13 642.517 830.546 
1225.22 1491.9 1926.17 1140.01 
1887.7 277.936 2377.6 505.985 
7.98507 418.158 1056.52 638.589 
1249.75 881.663 1592.39 990.563 
1238.28 949.135 1854.16 1014.31 
1701.24 899.246 1953.53 966.412 
1163.41 642.931 2126.96 697.259 
848.595 321.809 1124.09 527.902 
1277.38 260.916 1963 502.153 
10.1096 1031.58 669.477 650.467 
2295.68 1299.07 2372.85 1310.01 
878.853 1127.56 2086.33 845.163 
1724.72 305.045 559.381 598.177 
293.581 426.128 1245.01 638.656 
1102.2 523.415 2216.36 1853.05 
1241.44 957.673 1774.47 1021.13 
667.121 1736.6 1989.58 981.576 
2054.6 1640.74 563.467 1573.07 
291.211 281.717 1265.34 537.057 
2171.26 1084.64 2058.68 508.421 
1726.05 281.903 1124.09 527.902 
88.7723 1157.81 227.21 787.133 
2395.52 419.699 769.554 1038.98 
1824.64 308.004 2389.3 530.693 
1388.48 1723.12 111.064 1226.14 
1787.6 1015.47 2139.32 1073.82 
2144.02 281.485 2029.11 551.057 
2320.08 1872.86 1600.69 1640.67 
2588.21 167.634 467.259 582.196 
2367.75 658.936 2055.87 511.855 
923.643 1750.47 804.585 1629.8 
615.59 870.547 1386.97 957.668 
29.6599 374.37 2412.68 1335.02 
14.4397 1066.91 1381.47 1347.67 
406.9 347.224 1520.13 549.871 
1315.62 579.215 1769.44 744.858 
559.917 1770.04 558.61 1692.03 
224.507 1529.15 95.1393 622.88 
2011.54 1135.48 484.21 1261.41 
187.065 572.156 2216.15 599.472 
322.597 1119.99 1104.88 562.436 
1275.02 1102.46 2261.81 1896.43 
2171.26 726.02 2434.54 1091.5 
1441.97 729.584 1786 852.048 
1580.1 943.967 2193.9 1025.86 
1685.65 1189.64 2029.5 1209.65 
1592.23 1206.49 1944.21 1221.64 
115.123 1140.05 212.24 540.352 
1233.22 1085.92 1757.16 1123.64 
2033.23 1197.58 2581.52 893.716 
2047.68 1064.48 1567.93 740.263 
322.435 945.924 1085.71 961.097 
1154.09 622.221 1759.47 752.696 
359.511 1149.08 1904.3 715.45 
2426.55 1011.71 1077.65 1091.57 
1150.98 256.21 1038.17 545.573 
1492.29 1130.69 1532.54 978.177 
770.128 730.222 1449.48 840.566 
1429.3 889.904 1853.62 970.846 
207.561 265.914 1208.42 527.435 
122.113 457.743 1133.02 664.006 
407.464 317.318 1328.17 558.659 
374.203 538.141 517.248 1115.21 
690.431 1800.88 119.245 1711.17 
1618.3 483.486 1864.18 623.403 
240.724 1647.99 1307.45 540.009 
956.314 1147.01 1846.04 1180.07 
1356.12 954.647 1774.47 1021.13 
914.215 859.742 1791.2 1212.19 
190.018 1153.51 1027.29 731.806 
2295.19 1099.95 2214.2 1232.33 
2492.79 1248.65 1540.17 1223.09 
838.761 1149.99 1539.47 1192.52 
2423.07 727.959 2489.86 615.942 
2057.6 474.999 1002.04 618.126 
2557.18 1184.05 410.024 1367.62 
1885.38 1905.88 181.177 1640.64 
1801.21 1136.73 2150.17 1169.69 
1096.01 1162.88 1889.1 768.813 
1483.63 1010.39 2145.42 935.815 
37.5672 925.41 653.808 611.906 
1531.71 1247.38 1884.19 1252.5 
13.1729 1613.31 1239.92 1126.17 
1550.11 572.05 1958.97 724.641 
962.37 505.118 1517.86 678.796 
1523.15 877.959 1895.04 1129.49 
399.417 434.625 1137.28 524.069 
1087.47 897.265 1750.49 970.253 
1344.06 666.809 1777.29 798.944 
1972.58 624.6 2383.83 767.646 
2366.42 397.659 2575.2 558.781 
261.708 521.929 1221.35 707.844 
465.666 250.901 1004.76 555.43 
1893.86 870.987 2059.2 1376.08 
477.258 1276.85 2441.57 1242.98 
982.128 940.594 1780.19 1002.63 
1004.55 356.471 1869.82 1516.89 
157.283 298.024 942.72 1129.79 
1129.47 267.564 688.391 596.261 
608.761 1916.6 236.605 1756.83 
1103.49 1542.97 2244.05 824.587 
2581.84 183.803 2061.67 1381.88 
940.866 1130.29 1886.12 1171.4 
1518.45 1087.06 1893.68 1126.73 
1184.21 894.013 1806.66 948.846 
665.352 699.553 2115.54 518.829 
1702.86 627.203 1349.99 687.803 
621.311 1043.5 909.46 1103.68 
934.944 571.428 761.083 1637.4 
367.783 1711.31 1861.8 946.668 
719.416 678.152 844.553 1173.27 
2048.23 662.1 207.59 1016.31 
2573.02 705.918 1317.8 1181.96 
2589.03 985.973 2327.09 554.712 
1315.62 579.215 1769.44 744.858 
1336.74 747.025 1797.36 854.969 
318.304 308.9 1275.23 554.727 
943.508 516.774 304.483 673.426 
290.704 278.281 1265.44 534.014 
1329.7 1697.49 2215.03 604.521 
824.478 1137.51 1847.66 1211.86 
1377.27 1617.94 126.003 1067.93 
1094.31 270.227 226.606 745.302 
1502.04 1022.93 2066.27 814.238 
623.47 328.02 1458.71 561.514 
2464.98 251.537 1307.45 540.009 
343.581 462.605 2518 676.338 
977.492 380.845 188.054 794.649 
890.765 664.364 465.791 977.058 
156.951 1010.92 147.105 1005.8 
1441.93 423.28 1539.47 1192.52 
2235.05 1240.82 2272.5 683.96 
1279.58 554.935 1835.96 1169.84 
366.782 1819.94 1642.99 894.454 
1095.68 1128.33 1759.79 759.041 
1093.82 288.747 1821.17 525.775 
915.467 928.692 1477.68 1000.01 
867.442 548.74 1617.84 720.528 
2105.88 735.702 52.0634 1687.22 
771.03 1858.54 1539.47 1192.52 
67.7862 1474.94 1147.53 1047.04 
1309.85 1596.11 1310.18 1596.64 
895.223 1406.51 592.516 1702.89 
1277.91 1018.85 2107.81 820.872 
204.917 418.993 1868.78 1621.32 
704.787 726.577 2047.79 702.034 
1278.9 731.008 1708.32 847.833 
1464.96 486.255 1873.3 657.899 
854.181 1182.7 1672.28 1202.84 
711.7 338.941 1522.58 566.891 
78.6399 623.303 1909.98 1936.66 
1260.49 1146.32 1585.22 810.94 
1518.44 1935.66 236.605 1756.83 
1497.9 459.655 1902.28 640.421 
1843.27 640.81 2300.87 782.449 
1227.07 899.365 1710.87 978.945 
1189.18 942.137 1818.06 1007.56 
595.71 403.894 1399.05 615.516 
182.794 1558.92 1742.28 1834.07 
2510.4 961.394 478.461 661.4 
2347.86 1101.69 586.65 1056.76 
1910.12 1047.54 2217.45 1244.6 
680.85 496.272 1009.33 1298.64 
1861.72 1780.13 911.238 1679.91 
365.171 1245.2 1182.93 889.397 
775.818 351.619 1695.78 1213.1 
1109.44 896.654 1711.36 952.587 
1875.35 948.7 1973.02 1010.83 
1711.02 1161.53 1726.06 1107.86 
2221.07 236.905 2430.22 532.746 
107.38 534.05 1121.2 718.031 
568.269 1813.51 2125.11 1199.23 
1056.95 1187.48 1568.49 1197.78 
1501.64 460.957 1902.28 640.421 
1438.18 258.72 2120.64 495.889 
1572.05 650.465 1987.92 788.1 
2563.78 384.023 880.581 957.586 
647.295 404.594 2210.42 727.719 
878.561 504.444 701.664 950.664 
273.592 484.04 1230.09 680.684 
568.109 1858.91 1262.58 1765.14 
138.693 1682.61 270.471 573.38 
1974.08 971.884 672.837 1145.94 
2166.12 417.049 642.79 1276.91 
1380.84 740.047 1740.29 859.799 
120.515 569.488 1345.94 781.385 
1668.89 937.083 2418.91 946.534 
321.312 554.459 1004.87 776.893 
1580.35 1935.72 236.605 1756.83 
243.449 1337.09 193.071 812.153 
1107.18 1183.98 1673.07 1199.64 
1706.39 279.488 1969.25 495.477 
1115.52 896.518 1806.66 948.846 
981.348 547.495 2048.55 547.281 
1676.88 503.495 2308.21 875.445 
1299.66 1235.18 1728.58 1238.53 
1516.36 1726.37 855.453 1280.98 
241.894 1598.89 1998.9 1889.81 
221.56 1278.58 1126.46 953.182 
1736.93 1202.03 2077.75 1220.68 
1406.99 1139.27 1843.16 1167.19 
870.542 1231.26 2439.31 1164.12 
274.56 361.122 280.053 853.714 
2178.25 734.582 144.571 831.097 
232.977 1638.48 266.653 1030.31 
1984.86 263.917 2528.83 493.826 
1022.05 674.596 1560.61 806.911 
20.6269 390.749 1066.28 617.634 
419.118 930.414 927.211 973.855 
29.5739 815.353 1437.67 917.465 
247.202 1126.45 510.47 1183.59 
1189.73 1838.59 2035.63 1668.89 
1909.48 1024.28 2374.82 950.233 
2092.31 589.78 2473.55 739.668 
1706.1 1938.73 366.561 1170.79 
1081.63 897.544 1581.59 976.388 
563.653 1903.53 1189.13 1798.27 
794.069 1138.99 1148.18 1135.65 
1269.71 612.979 2031.06 752.602 
1646.47 567.038 2044.88 735.906 
2556.67 221.132 147.263 1185.47 
731.738 420.243 1528.14 627.163 
838.976 538.308 1598.36 712.606 
1640.41 1736.9 1714.3 1007.02 
239.167 354.016 2164.33 1923.52 
896.501 893.751 1714.13 961.918 
11.3615 409.934 1059.52 631.526 
1188.91 371.329 665.056 769.983 
1117.27 1935.89 1157.67 548.738 
1597.51 363.176 552.898 1102.36 
1870.64 1178.32 865.214 1187.48 
1965.05 763.919 2308.21 875.445 
265.303 660.199 369.622 1291.43 
280.141 1325.34 619.629 1282.65 
1409.86 1154.7 1769.46 1176.08 
1267.56 249.395 1955.98 493.317 
2534.19 301.008 494.77 1279.02 
374.049 1495.83 1580.32 1582.64 
870.615 1146.51 1419.22 1162.59 
333.72 738.566 974.656 1025.7 
768.088 1141.02 2496.21 1075.52 
430.632 1907.24 236.605 1756.83 
170.97 1235.33 2119.76 1280.19 
1789.99 474.351 2335.31 889.189 
1550.65 1193.67 1907.54 1209.98 
1396.1 1648.91 1885.29 601.09 
1084.4 1431.65 571.265 1633.18 
778.912 390.676 1571.74 604.918 
2094.78 1759.6 1723.85 1870.8 
89.4022 788.569 1969.53 1525 
812.432 1092.94 1449 1123.27 
904.146 831.254 2468.19 663.719 
822.673 1215.61 2548.5 491.67 
1854.8 1485.52 552.21 1226.43 
214.054 894.249 556.75 1032.96 
1296.1 670.545 368.333 1197.95 
1648.94 365.59 100.643 548.407 
2240.53 227.329 1114.89 543.273 
1900.01 705.001 2328.52 832.673 
296.532 1090.4 2475.63 553.608 
2091.45 1143.83 1716.48 920.966 
954.794 673.978 1068.89 1091.12 
1093.13 737.998 1770.77 654.615 
18.7193 1626.53 2555.1 1922.89 
1517.07 644.34 1983.67 787.492 
1135.87 535.505 567.842 827.967 
2150.51 1236.23 790.848 960.522 
2023.32 1772.56 1790.34 589.679 
116.145 1013.12 1161.17 799.572 
1068.49 665.975 1591.9 800.651 
1064.25 877.9 1687.8 653.898 
367.703 1746.95 1377.58 852.709 
109.412 1619.47 824.854 856.001 
2025.8 1245.46 2290.76 1259.49 
1756.81 1355.47 414.763 1245.87 
928.649 507.857 966.484 808.488 
944.791 1129.2 1523.04 1151.27 
134.475 1131.68 848.43 1204.21 
1050.64 1881.22 1262.58 1765.14 
296.403 545.451 1265.64 639.933 
2279.15 405.661 1808.49 1773.35 
1397.15 757.405 917.45 759.037 
1027.54 551.287 1039.53 662.886 
1067.56 1141.41 1902.66 1689.38 
1468.07 1175.55 2060.31 1231.8 
1182.96 1900.35 434.689 1608.7 
1049.22 1137.79 1768.68 1167.44 
47.8299 1269.83 697.529 1167.48 
1715.81 1746.64 270.471 573.38 
1255.42 1158.78 1782.1 712.119 
2215.49 814.493 709.406 1003.25 
280.668 704.243 2484.19 937.818 
1245.77 1089.74 2107.05 645.594 
538.417 445.165 1355.65 645.902 
1265.41 784.731 1718.86 891.344 
541.59 385.486 1360.41 603.411 
278.55 1321.92 619.465 1279.65 
2323.22 337.927 1361.06 1809.85 
2353.85 634.398 2373.42 735.941 
394.052 1877.88 514.63 1696.6 
14.1855 1875.44 598.444 1688.13 
284.344 298.91 1501.59 722.076 
592.121 1312.42 2285.21 667.813 
612.173 1903.87 1797.67 850.115 
2292.17 767.091 736.154 645.859 
564.73 1843.11 1573.08 670.712 
2237.73 466.08 143.224 1138.59 
2245.93 853.132 858.435 1202.89 
193.967 298.384 1197.18 550.652 
2313.92 1254.11 2394.98 1272.95 
1291.51 1152.69 2047.64 781.858 
1621.68 614.937 2014.51 757.931 
324.561 1197.71 1301.46 860.086 
416.54 280.228 140.451 1175.77 
1325.07 1899.31 236.605 1756.83 
2027.84 1873.82 1189.13 1798.27 
2215.45 891.92 1884.86 1276.31 
713.34 736.257 2002.58 614.434 
1692.85 485.801 2069.59 656.422 
356.42 1306.88 704.039 1270.43 
2444.28 363.576 2303.72 892.665 
164.527 1262.77 2489.59 1838.05 
1793.18 746.436 2163.31 863.343 
42.1228 779.849 1776.19 1664.59 
18.6131 1500.89 461.566 658.307 
529.919 671.636 2539.96 1066.42 
2308.63 1707.69 1860.91 1478.39 
1490.19 1240.46 1854.62 1246.39 
82.273 610.565 2324 538.472 
726.373 772.31 1346.51 881.171 
1615 498.383 2206.33 857.1 
2217.11 1144.97 794.287 1099.19 
359.321 1302.93 2089.13 1849.97 
2431.12 411.06 205.391 1754.74 
1253.14 1238.58 1697.69 1240.58 
1504.67 689.872 1902.66 1689.38 
323.923 1083.03 2500.72 1331.13 
257.499 1537.94 1747.47 1860.7 
906.448 1169.4 1728.61 1194.81 
939.976 527.478 1781.24 1253.62 
496.146 597.75 147.398 596.082 
573.873 540.899 253.922 1090.69 
93.9832 337.781 1117.58 579.896 
557.482 319.454 2217.01 1418.3 
185.873 1102.64 1082.77 989.456 
682.377 333.28 1502.33 564.496 
1336.33 252.965 2043.53 494.351 
1859.33 330.795 602.615 637.142 
859.355 473.512 1707.94 554.95 
2207.64 1221.47 2388.08 1036.57 
2069.17 1361.14 2213.55 1425.12 
754.099 1164.33 2058.33 1568.54 
2282.39 1096.1 2080.35 1654.33 
1334.1 1539.34 269.031 1621.16 
123.613 1858.49 1542.52 1111.7 
1990.89 727.693 1562.16 760.458 
335.705 283.496 1298.5 537.149 
1917.55 847.495 926.435 1206.68 
1081.34 268.376 1137.28 524.069 
1712.28 975.382 1985.17 1038.4 
1313.77 868.426 1705.93 1151.39 
1794.02 1441.35 2139.22 1422.78 
2022.03 820.863 2475.53 1109.23 
839.48 530.86 957.671 637.159 
1709.68 1693.61 2258.67 909.871 
1844.32 737.831 2169.47 853.934 
258.309 1371.86 564.327 1316.14 
1056.34 1815.9 1552.81 1646.32 
709.06 396.083 956.83 599.444 
1699.12 502.6 2254.86 869.868 
1167.67 690.023 1689.21 810.09 
1115.6 941.468 1002.29 1058.6 
1715.55 1497.41 260.778 1762.84 
1724.72 710.419 2110.83 835.941 
825.595 360.071 2175.08 565.095 
877.139 1483.83 2520.92 1350.18 
1927.91 898.364 1075.39 665.179 
62.3822 320.141 1107.47 568.4 
1893.8 580.959 2373.42 735.941 
2045.82 1105.78 1918.03 640.937 
2436.44 907.816 467.403 1259.44 
1827.8 752.836 2038.8 1671.8 
922.072 474.358 1487.05 656.004 
58.8309 362.852 1152.3 1091.52 
2234.63 1881.18 1468.88 1825.04 
818.171 1035.16 1459.51 1080.15 
704.604 963.208 979.583 1016.19 
37.3648 727.616 1251.71 887.089 
2158.9 316.645 310.11 758.49 
2014.4 807.104 949.576 1174.88 
746.782 609.091 248.989 853.397 
2375.93 398.72 2183.65 770.311 
2582.76 712.304 49.5913 700.226 
856.866 420.319 1252.62 722.762 
1147.86 1125.66 1770.27 1156.24 
577.145 651.516 2374.82 950.233 
1460.58 586.161 1546.67 1709.02 
1876.83 483.004 78.9589 879.826 
131.527 1596.35 2550.16 886.167 
2014.96 940.573 1645.18 572.703 
324.599 1018.01 1676.18 1716.71 
1762.55 311.116 251.859 901.18 
1403.82 1705.47 289.605 733.037 
1359.12 1150.34 1836.93 1172.49 
1055.64 1335.81 2392.2 1618.77 
1029.58 881.423 1728.52 743.705 
1988.05 1229.2 201.888 708.633 
343.693 833.953 2442.01 799.324 
1957.13 953.233 903.786 1654.38 
606.695 306.644 141.833 582.075 
2021.28 1645.34 2027 867.888 
750.657 697.541 1890.73 1711.88 
38.868 881.501 1209.98 915.724 
1766.96 945.283 1933.55 1009.76 
125.828 251.203 42.7862 789.801 
2584.08 238.912 1266.6 1074.34 
1149.22 950.73 1637.43 1018.15 
766.676 1893.71 1600.69 1640.67 
842.917 925.615 1427.59 996.758 
41.7555 318.798 1092.78 568.385 
1336.62 1772.26 1706.98 1729.24 
1509.2 464.035 1910.37 719.437 
2257.3 1816.92 38.0677 1685.12 
1533.57 1228.38 1885.72 1237.69 
1123.24 1122.19 1821.64 1155.1 
2431.86 711.713 1088.9 616.906 
63.9676 1458.32 2490.89 792.218 
27.9091 1014.97 1309.9 1115.16 
186.602 1317.39 2454.75 605.198 
404.511 897.159 1330.87 1018.83 
1062.7 689.985 376.868 1194.7 
2569.15 1139.18 2465.76 928.394 
2245 1337.96 1741.05 1765.36 
1070.68 1237.97 896.906 797.137 
2314.86 1179.07 1625.04 1654.88 
1664.18 1242.85 1958.83 1251.07 
819.962 1786.11 1596.29 1815.73 
15.834 736.063 2133.38 1497.53 
1150.26 390.382 750.481 1124.24 
2175.08 638.233 532.094 1043.03 
1912.74 910.747 1719.24 968.002 
1818.85 397.455 317.981 631.318 
181.537 607.279 1958.05 1866.86 
995.088 1480.47 1266.51 1144.82 
1693.32 489.811 2069.68 659.863 
1667.01 930.536 2017.83 1004.87 
1464.9 589.045 930.662 841.677 
2366.29 1836.71 2094.16 1660.2 
461.704 796.22 2318.13 819.235 
1495.3 321.665 2387.87 1866.11 
665.954 1940.12 509.023 1691.76 
1238.77 1165.93 1688.59 1183.79 
1624.3 694.397 451.837 806.408 
1133.12 899.783 1659.93 1150.06 
2388.74 1682.03 771.775 1584.18 
2072.08 1907.41 837.621 1664.94 
35.485 280.963 467.259 582.196 
2202.9 1803.01 1600.69 1640.67 
824.479 812.334 2211.26 1194.91 
2219.1 855.019 445.287 670.87 
1738.4 946.671 2000.5 1015.07 
435.416 1941.01 2141.88 678.614 
2329.94 708.015 1350.7 1099.22 
1095.7 1121.46 1705.46 738.175 
111.711 895.013 2251.44 592.461 
2485.39 226.601 1712.27 536.971 
183.889 257.963 524.544 973.046 
1554.2 1893.36 1739.74 1669.28 
451.821 1743.36 2017.32 985.748 
2152.66 390.769 511.49 1268.71 
1478.38 1754.07 182.647 1023.9 
1004.53 1225.44 1530.76 1225.79 
1051.92 1140.84 1664.58 1165.92 
1302.11 1164.7 1782.03 751.996 
1927.87 354.842 2559.37 750.118 
1949.98 363.204 1976.34 621.134 
215.83 1481.91 2454.11 586.855 
624.145 1326.8 1935.95 516.323 
230.325 662.568 2355.8 610.76 
2005.97 265.221 896.569 638.878 
1742 957.631 1914.55 1019.36 
4.40209 1697.76 613.107 1248.66 
1468.52 1197.9 173.929 812.543 
2464.31 1813.23 415.392 1710.42 
1967.81 645.614 55.1605 1049.83 
404.905 581.361 2173.39 753.945 
920.59 1201.13 1476.32 1206.79 
1024.83 1629.36 1357.9 702.852 
2258.06 718.412 1099.46 616.747 
1348.05 1497.27 1572.8 1269.68 
1651.44 1849.27 1182 1794.88 
1542.53 1744.53 1254.31 1770.93 
1850.6 1169.23 2185.28 1196.3 
1446.52 855.613 2022.78 508.516 
328.857 1203.98 899.845 773.587 
2434.21 1141.4 708.984 928.241 
2125.99 406.725 662.325 1282.48 
2362.32 1226.18 1341.02 528.978 
2059.09 287.007 1978.57 748.324 
1022.03 1084.44 1921.16 1126.85 
1099.64 1768.96 1504.48 746.715 
125.6 355.817 1494.03 1096.5 
1052.59 615.28 1432.33 969.437 
2048.11 981.32 2459.15 1065.85 
655.604 422.035 1162.19 950.329 
961.504 961.446 1688.2 1021.57 
1450.96 1203.67 1212.97 1164.8 
1827.14 1439.94 2056.4 1489.56 
790.417 864.007 326.233 862.855 
1308.07 252.204 1053.59 1740.63 
2359.19 1874.49 38.0677 1685.12 
2550.87 1878.77 415.392 1710.42 
2454.98 985.7 2573.98 1515.45 
2110.12 1203.91 305.151 1820.67 
2201.08 1090.48 166.999 1058.7 
2222.76 488.085 1003.38 580.129 
1630.13 609.513 1552.48 1087.09 
99.3236 799.978 887.174 1155.52 
1932.57 412.615 545.524 880.785 
966.683 1816.95 2205.66 866.664 
192.378 587.165 1555.52 552.851 
880.105 1205.14 1449.12 1208.46 
1923.86 1071 886.472 1897.26 
2517.6 706.305 1825.13 1698.05 
1878.11 1413.14 1018.66 750.904 
1208.02 1733.77 2214.74 834.852 
1984.23 412.862 2032.32 588.402 
2435.46 586.977 658.362 834.506 
2445.67 1896.73 2450.83 709.633 
367.999 894.671 1019.57 652.034 
671.034 871.634 2536.43 934.424 
425.469 874.639 2553.07 690.768 
1518.96 1078.35 1684.31 740.967 
445.874 620.001 1164.77 842.953 
908.844 890.556 1479.99 970.44 
172.065 496.791 2436.42 620.074 
2236.65 863.875 1373.51 653.114 
1895.41 591.018 2171.32 1858.64 
579.467 287.345 434.912 1020.18 
1077.92 1888.49 115.4 825.332 
1545.11 934.04 403.017 1388.55 
822.307 1713.06 997.389 1735.95 
2408.21 302.188 398.233 695.533 
1379.42 1247.61 1981.52 1451.63 
821.707 894.511 1932.75 1158.9 
1432.45 902.484 1823.99 982.444 
2063.27 1217.58 244.522 622.447 
343.509 1012.41 62.4587 600.541 
1125.04 265.271 654.43 582.68 
2482.76 982.843 507.926 918.526 
1518.79 272.546 2050.25 502.314 
1319.66 1700.16 295.291 1246.55 
1360.12 1561.12 1459.51 1080.15 
301.777 1338.38 973.419 798.684 
900.346 1775.69 1898.96 1174.89 
1338.61 752.055 1800.96 860.036 
876.521 502.352 2332.37 1295.26 
563.337 429.064 1049.94 637.517 
1229.44 522.08 1775.01 679.94 
1522.37 421.971 1938.03 609.072 
1700.44 842.548 1989.58 981.576 
143.314 1553.08 913.224 1037.85 
888.946 864.735 2337.91 1011.74 
1230.8 518.196 1775.89 677.038 
2272.82 327.813 629.105 608.615 
201.809 1243.23 2583.12 1014.93 
1153.37 943.051 1793.83 1008.18 
1458.16 355.917 2092.62 570.923 
1448.87 1116.54 1652.07 952.33 
1492.22 1093.55 1940.6 1533.04 
1185.3 920.292 1713.72 956.19 
1779.67 307.952 2355.09 531.056 
55.2069 1231.46 2135.74 1929.59 
2404.49 409.42 2444.91 562.852 
2548.98 1740.02 53.086 1684.43 
406.9 347.224 1520.13 549.871 
1364.41 1576.14 2166.96 1676.88 
2270.15 986.1 915.723 949.776 
785.672 666.946 1344.88 528.27 
1958.09 795.407 976.055 1166.99 
1475.18 390.888 1366.41 1009.78 
1871.84 997.823 1456.71 701.126 
2559.6 375.198 413.079 635.895 
150.47 724.939 2536.7 503.829 
365.887 880.926 1042.1 737.828 
1877.36 1336.02 1160.19 519.006 
1055.55 541.961 200.711 532.926 
140.838 1617.12 1836.6 769.332 
1985.86 1820 1253.96 1765.36 
1113.86 1243.57 1602.26 1243.64 
310.943 927.707 1392.88 1475.82 
1162.39 280.796 1211.31 524.417 
1116.72 1863.53 259.901 1757.73 
982.295 1906.58 1610.14 1641.77 
2532.34 451.256 194.876 527.511 
763.99 773.114 2404.28 762.154 
1739.78 484.509 2114.76 655.732 
713.211 302.316 2394.38 607.401 
1805.01 314.22 2374.3 535.214 
2347.09 408.516 1944.38 1199.23 
1247.88 1203.46 1695.78 1213.1 
1414.47 670.358 1824.33 800.371 
505.912 783.947 1425.38 724.913 
185.296 884.152 1148.98 1019.81 
1650.27 394.919 681.822 1135.81 
74.8417 1400.98 1158.86 1156.74 
2376.2 688.151 2488.51 665.22 
405.519 1223.86 2373.02 1282.87 
486.568 515.811 2290.95 1159.91 
930.151 341.044 2389.46 848.552 
2581.84 183.803 773.767 626.183 
982.931 943.989 1779.17 1005.4 
1729 1178.95 1489.78 866.692 
1016.49 1299.08 1675.71 615.403 
1177.28 1547.05 575.535 1564.41 
1706.92 1761.31 1983.98 979.747 
654.32 743.548 633.403 1083.89 
1670.02 1707.05 87.9912 868.18 
2491.26 493.687 760.575 841.419 
1827.76 950.772 2000.5 1015.07 
2072.4 1781.37 1090.29 1741.56 
1587.01 1898.95 1755.9 1676.1 
797.786 1001.65 2377.01 1680.67 
1230.29 896.589 1713.45 975.31 
1441.8 951.389 2147.82 1320.77 
674.748 406.593 2426.94 602.081 
2394.34 1169.38 401.556 1732.66 
658.621 1734.22 1699.28 1651.96 
91.3982 245.82 1131.16 516.177 
178.299 824.734 98.6997 1263.83 
768.301 1777.77 887.203 1140.83 
1452.5 577.549 620.504 1661.46 
500.445 749.958 1323.5 800.459 
1809.69 1688.39 1694.57 1818.87 
218.366 1091.51 1405.63 841.222 
121.556 424.994 1135.12 641.258 
359.962 474.087 977.24 872.908 
2315.9 1284.75 2394.25 1297.49 
173.355 440.632 1404.49 782.387 
1207.95 745.929 1711.47 855.14 
1702.08 451.878 1543.69 1813.59 
278.902 1093.39 2268.6 1111.17 
642.912 841.609 1106.91 957.077 
2153.91 364.746 570.251 1263.69 
961.206 913.313 143.564 1241.56 
2370.7 1293.59 2433.49 1306.85 
771.794 383.722 1566.94 600.55 
1610.21 1913.1 1780.41 857.009 
1407.48 321.904 381.627 1303.63 
1394.65 1754.95 2273.63 812.799 
80.5731 933.532 1879.84 1541.88 
1820.21 941.748 1419.88 1097.45 
1985.58 630.518 445.202 667.395 
721.301 1034.54 1736.88 1013.35 
1557.42 332.122 317.376 662.599 
1543.65 296.441 2339.24 949.047 
1772.03 370.114 78.9515 921.242 
2272.86 431.177 980.052 1081.13 
61.809 1641.34 269.866 789.938 
756.931 517.883 290.452 914.122 
2186.79 843.094 40.5331 984.743 
1388.25 1125.05 1821.64 1155.1 
839.506 534.327 2215.4 1251.5 
1510.3 460.706 1902.91 638.351 
804.193 284.279 2048.84 491.001 
720.876 1836.82 2394.05 1069.85 
1249.41 1140.35 1562.46 1159.68 
18.5198 1184.89 1918.03 640.937 
359.255 1871.87 1735.88 1202.8 
1851.42 575.426 261.433 668.455 
2323.33 1190.47 1322.85 593.786 
362.345 374.383 602.103 1117.5 
489.147 732.776 1458.71 561.514 
1427.76 1143.56 1861.8 946.668 
1488.2 1513.42 1376.27 1796.96 
1693.55 1711.02 1537.37 1429.43 
371.246 623.17 115.4 825.332 
1395.67 813.248 1648.52 723.326 
832.047 1036.15 686.23 803.573 
229.332 345.255 1066.93 661.714 
1914.05 630.329 572.201 1206.54 
841.644 541.717 1599.54 715.405 
760.535 322.389 1560.88 554.818 
890.25 1723.43 268.086 936.973 
1694 1714.18 204.837 1624.32 
1788.62 550.433 874.395 1163.92 
390.168 1762.98 1705.8 1463.8 
1341.21 323.082 2009.73 548.045 
441.898 1263.4 2060.54 1404.3 
1203.41 1911.75 2109.74 841.227 
1212.4 1229.19 2203.21 1292.87 
549.219 1760.63 1861.8 946.668 
1108.39 766.748 1641.19 872.606 
1955.32 530.057 2550.67 685.79 
350.387 1560.84 571.25 1732.22 
1386.08 1079.22 1877.3 1123.66 
1210.34 1572.71 1561.56 1449.82 
1220.18 1628.44 1943.43 1827.97 
2218.52 846.486 1367.6 727.679 
2535.38 502.585 2427.48 657.915 
826.881 529.472 1412.47 996.061 
2540.28 1799.08 20.9656 1687.2 
1207.44 923.438 1826.71 992.124 
1459.64 1147.19 1801.73 1172.69 
2085.01 762.214 2391.73 856.62 
1293.58 745.065 1761.79 855.165 
1070.43 1863.15 236.605 1756.83 
1534.85 1247.58 334.597 1704.78 
661.702 1133.86 896.906 797.137 
2196.42 1076.61 775.348 762.907 
2335.62 1234.78 396.619 1160.81 
2266.19 494.825 2541.38 1383.78 
1883.26 690.021 1179.7 696.382 
912.136 764.289 1716.15 854.774 
2297.23 863.861 1588.85 622.429 
1509.79 910.089 252.707 1776.48 
2280.43 511.456 917.45 759.037 
1647.11 479.974 2028.05 652.158 
1362.03 474.66 1686.3 669.513 
2244.74 1259.36 2329.56 1276.46 
2589.23 589.694 2317.11 1745.78 
259.054 1670.97 173.853 1254.29 
2338.85 286.934 2392.53 541.7 
2167.87 441.524 1276.34 631.981 
1198.92 262.865 1113.75 539.061 
2376.54 646.53 904.372 957.061 
2399.15 245.647 2443.04 877.063 
1170.2 866.553 1596.24 954.477 
1703.96 1369.61 1663.69 556.563 
1860.93 391.498 2415.36 594.186 
1944.9 629.18 1132.44 1126.95 
1193.42 1526 1570.19 1229.01 
1965.65 1216.99 1703.07 1520.98 
379.971 447.612 639.524 922.995 
352.931 1120.36 48.0178 696.744 
1218.19 1680.29 1235.27 890.324 
2377.93 518.948 491.949 690.993 
350.448 1934.77 1729.15 1686.66 
990.055 1464.19 661.055 1671.42 
127.461 803.361 1879.1 954.614 
592.356 1790.65 1861.8 946.668 
2391.89 1743.65 2253.52 1181.97 
1029.57 311.579 670.06 833.53 
546.591 784.659 1330.48 582.321 
2100.46 1010.86 2433.52 1076.15 
2213.47 220.64 166.553 585.43 
1057.91 1769.42 31.9282 1021.89 
2437.1 1300.07 1660.15 1237.01 
158.924 1661.89 148.072 1232.46 
1443.05 1616 1360.28 1048.83 
1367.23 569.891 1273.35 773.227 
1716.55 493.506 602.544 1222.93 
1335.16 1144.64 1782.17 1153.51 
1071.16 408.563 850.264 998.181 
56.15 1677.06 646.663 1065.13 
522.899 1931.21 1829.6 1178.63 
1104.44 1594.26 2078.84 806.631 
138.319 1371.11 2455.2 690.92 
119.272 826.462 1031.07 1102.1 
636.041 331.187 1286.34 1119.2 
1260.62 887.278 1627.13 971.92 
1868.01 685.429 1133.26 676.973 
1316.11 492.34 1665.37 679.418 
151.577 538.382 1122.83 664.522 
1073.87 610.846 1595.93 757.587 
2058.98 305.4 1429.03 594.269 
752.957 1467.69 203.299 836.661 
1888.6 368.082 2430.13 687.576 
788.103 494.74 1146.12 1098.99 
14.6267 1159.69 1546.73 802.573 
1458.18 928.331 1840.63 1001.66 
774.054 781.405 701.419 705.386 
1363.77 1748.51 725.357 826.556 
1315.02 1926.81 548.826 1712.45 
2534.65 1114.4 2586.42 964.095 
1249.63 873.173 1641.88 960.496 
2561.03 284.867 2363.08 1828.36 
1143.64 613.45 1749.08 834.29 
1172.61 350.031 967.198 739.878 
2531.45 666.556 584.068 942.975 
1097.38 1088.66 1801.06 1127.55 
1359.47 940.931 1860.1 1009.97 
1347.68 1671.57 294.469 678.932 
2295.5 242.84 2089.37 1425.34 
153.579 1112.69 217.064 844.215 
2377.93 518.948 493.067 1107.38 
1245.38 612.509 570.744 1715.42 
1262.07 354.594 1225.37 957.815 
1952.31 897.102 1900.2 1433.58 
924.146 1787.03 1993.84 1425.88 
1183.97 1747.64 2024.59 1435.34 
903.003 296.563 1548.2 532.262 
1053.24 756.989 2019.28 842.253 
1779.17 1159.93 1652.07 952.33 
51.0193 963.853 159.822 696.311 
1517.86 417.536 2229.22 1096.53 
190.174 295.672 1194.3 549.327 
1866.32 271.043 1341.02 528.978 
140.096 516.833 1144.17 705.94 
10.1096 1031.58 669.477 650.467 
43.8657 1926.78 1993.84 1425.88 
1166.42 876.519 1641.88 960.496 
1851.33 951.273 2187.12 1023.41 
2310.55 694.687 2088.72 623.122 
990.202 448.9 247.07 742.891 
394.977 886.222 366.886 741.395 
896.633 1143.97 2001.66 742.175 
515.244 357.034 346.12 610.968 
103.358 806.915 1710.22 1241.72 
553.091 834.713 248.331 616.669 
2254.6 338.646 2500 907.435 
128.771 381.678 1140.48 610.015 
610 1299.54 1561.58 1273.11 
962.088 965.477 2057.91 1041.13 
1290.09 1551.97 1656.68 1437.53 
2445.65 294.57 240.511 940.73 
2584.39 857.163 716.721 1502.43 
684.807 465.258 1461.75 992.988 
2281.38 1720.23 832.964 1218.39 
2411.36 266.48 2040.39 579.445 
2193.64 1759.43 2287.22 950.796 
714.703 285.888 593.652 943.525 
2512.86 529.912 1688.52 1536.08 
1627.35 289.511 658.128 584.1 
724.272 360.261 366.418 899.094 
1611.54 613.888 1803.8 741.071 
2528.77 593.82 63.0159 606.831 
2399.41 210.641 12.0592 573.876 
1788.42 749.351 2074.48 858.474 
1795.11 1470.24 1027.29 731.806 
2576.22 199.5 611.05 1137.31 
268.49 1022.09 2479.51 1262.83 
1614.6 294.881 2258.11 524.405 
1482.26 1230.65 1848.59 1238.76 
2165.28 1043.79 2514.58 584.062 
2466.47 564.914 87.6527 944.708 
2219.46 665.789 781.986 1657.79 
2015.88 492.904 668.265 810.507 
2549.18 337.788 1642.55 568.981 
916.792 1105.51 1730.67 1162.59 
717.512 958.55 958.905 1749.64 
2256.59 983.239 988.621 990.125 
2113.69 693.078 494.77 1279.02 
2510.27 1009.32 1931.19 1881.7 
1889.7 1222.4 285.235 1258.86 
1267.93 1065.69 56.6911 1712.63 
1864 426.143 1669.8 1756.44 
1211.74 892.488 1598.98 957.454 
957.027 1180.09 1500.16 1190.64 
12.6839 536.857 1057.57 720.544 
1334.09 263.707 2010.09 503.533 
645.112 1119.35 459.413 891.726 
132.529 1922.56 2205.43 1181.19 
200.901 783.186 1017.15 720.682 
1151.9 421.731 1451.8 833.926 
1916.06 1864.84 38.0677 1685.12 
2093.69 914.754 1005.93 915.254 
1233.08 1529.98 1417.73 1478.63 
692.874 701.737 1583.72 737.525 
225.919 1129.03 2168.52 659.74 
2243.28 736.665 2449.58 1907.72 
1488.04 297.156 165.428 1740.6 
2003 435.65 2320.58 1747.1 
824.624 878.013 2020.82 1180.69 
378.887 290.402 1326.6 541.335 
2195.56 1205.65 194.89 690.367 
1447.82 411.314 2364.29 1229.22 
814.527 715.736 846.96 995.291 
1405.75 1350.87 1477.38 732.869 
837.823 927.696 1665.6 993.215 
1596.96 495.393 1982.85 664.444 
1070.62 966.676 2107.81 820.872 
1515.53 1042.86 1726.06 1107.86 
1225.79 583.345 1128.67 1817.38 
1045.72 744.598 1725.67 843.482 
905.269 1206.47 1465.83 1209.61 
1193.95 1568.26 924.2 1126.7 
316.847 1307.23 938.142 1071.6 
325.754 1065.64 2225.87 1287.06 
1711.12 358.273 2399.39 559.73 
633.484 854.712 506.011 1211.91 
728.376 1033.84 1871.32 1918.96 
1096.87 893.321 1571.58 996.383 
1075.92 867.479 1380.38 843.832 
2367.28 234.68 236.451 995.559 
7.06762 1739.86 1231.51 1128.75 
2052.18 683.7 602.734 909.76 
992.027 925.844 1548.53 997.061 
1072.13 402.961 1427.49 1544.99 
1196.8 1761.89 1572.14 1516.14 
1992.87 581.444 2455 1887.11 
2023.65 738.768 2345.49 855.169 
2254.86 256.507 1051.34 619.761 
1605.34 937.866 1973.02 1010.83 
1143.59 1562.89 2547.77 1591.03 
2173.35 624.593 449.101 958.495 
359.641 1034.1 1414.66 593.636 
884.417 783.34 136.225 949.195 
2140.79 399.787 212.528 1262.68 
721.949 1808.44 1994.54 1429.26 
752.264 1202.06 1937.92 811.927 
2395.19 913.633 646.588 824.205 
1885.26 275.243 349.078 577.868 
187.21 480.377 1187.02 679.492 
835.334 1758.71 2217.38 1491.08 
930.325 587.452 872.855 914.075 
959.589 1906.96 236.605 1756.83 
2304.13 263.472 1391.78 596.865 
2519.9 461.139 2582.08 1933.61 
1851.47 484.134 662.386 1228.43 
24.7191 449.134 2312.83 1914.11 
2378.51 1058.38 2535.75 1236.06 
327.698 556.416 2570.49 1243.55 
2543.78 1169.27 1269.4 901.628 
389.44 1237.48 438.087 836.125 
958.265 351.435 1706.47 573.529 
717.762 589.899 755.138 893.052 
1080.34 649.816 1763.1 701.376 
1055.6 898.312 1611.96 975.334 
1004.22 1259.07 2491.99 1053.86 
1590.22 336.972 1352.49 694.095 
1167.47 283.545 602.847 640.688 
1703.73 1477.11 1097.65 895.538 
1358.39 250.426 2430.36 504.219 
46.366 1235.29 58.8933 889.317 
1849.36 264.654 484.015 1207.75 
2394.8 1274.32 2457.15 1291.11 
413.121 280.527 956.83 599.444 
680.502 481.485 1458.26 670.86 
205.031 615.03 1455.82 908.074 
1025.3 810.398 641.717 1213.21 
239.167 354.016 2164.33 1923.52 
347.161 1645.45 298.577 1820.79 
289.689 359.653 470.994 1057.91 
1176.66 1868.42 1928.82 752.54 
381.556 929.049 1041.9 764.565 
2223.44 1799.58 2253.52 1181.97 
383.699 889.31 760.807 887.121 
1130.99 255.89 1228.08 510.723 
2508.94 608.325 1139.95 815.037 
996.614 313.904 1417.9 564.195 
218.267 1813.87 416.146 1660.16 
509.495 337.154 1620.34 1163.77 
1352.45 1138.73 1766.97 1164.18 
636.847 540.18 436.217 1090.45 
1214.4 1467.58 152.953 1732.65 
2266.34 1196.81 420.473 848.472 
1312.22 1519.17 1607.7 1655.79 
745.493 1503.11 1427.67 1386.19 
2066.4 504.619 824.687 773.685 
2024.4 976.024 2216.05 1379.69 
566.824 755.073 1188.85 853.399 
1706.92 1396.63 2061.67 1381.88 
111.586 1276.7 1062.11 546.081 
264.889 568.448 951.976 999.296 
644.359 557.883 1461.91 624.499 
1352.35 1152.98 1559.98 1167.42 
1728.69 1517.07 509.023 1691.76 
2515.08 1208.25 451.121 896.7 
1399.22 1478.87 223.543 1760.95 
2274.59 1732.1 630.177 786.853 
1495.45 666.966 1677.1 792.042 
618.713 761.822 59.1748 1126.69 
1514.65 335.672 2261.23 603.131 
1147.44 1138.98 1697.53 1164.58 
603.608 1046 371.909 869.189 
265.88 556.057 2258.67 909.871 
2248.4 708.858 1518.24 579.371 
1061.73 902.666 1659.93 1150.06 
2249.2 716.123 2540.87 1036.84 
1839.18 335.171 2399.86 551.042 
1302.69 1815.1 351.063 1228.06 
423.855 390.431 1021.86 705.72 
404.028 975.409 681.366 710.627 
797.473 733.486 1382.38 852.057 
2461.91 1265.38 2476.93 512.904 
582.099 291.154 882.38 612.658 
1250.11 696.031 254.482 849.122 
2496.29 810.114 968.603 655.013 
835.034 1493.53 1655.64 1513.11 
319.709 1606.6 38.5588 577.426 
370.662 358.751 2076.49 1012.12 
405.906 730.328 1425.3 1020.79 
1148 1131.34 1662.39 1156.92 
1979.45 1687.78 996.073 703.115 
308.927 771.525 828.761 1109.51 
241.454 1902.71 1781.05 1161.4 
251.17 1026.23 307.408 1283.13 
66.474 1681.12 264.542 1017.35 
245.547 1134.29 2149.43 1729.6 
1691.25 326.803 1483.88 976.157 
1337.91 605.887 1821.56 971.736 
2346.57 1897.54 1477.75 1816.97 
318.815 1028.47 1984.57 619.629 
1646.63 1757.44 1688.32 1479.53 
1550.16 566.812 1882.77 1104.19 
901.254 530.017 2459.73 1157.29 
1801.21 1136.73 2150.17 1169.69 
946.157 572.382 2377.56 616.187 
194.054 1484.92 2309.03 678.648 
1802.02 1820.26 352.267 1723.77 
2444.74 1223.14 885.93 1223.38 
364.558 1144.42 175.306 1094.4 
1930.48 1080.62 1873.4 1659.63 
869.359 1164.93 1959.32 1207.12 
1858.16 383.015 2413.46 586.755 
1020.6 582.529 1381.47 1347.67 
1328.38 1085.96 1650.44 1120.91 
2274.6 208.665 1266.83 528.268 
1128.51 263.626 1161 503.41 
2213.37 1071.51 651.416 609.633 
1010.71 414.799 1033.6 578.063 
169.145 365.087 1177.64 598.378 
2385.33 1206.68 1759.62 1876.45 
2025.06 1117.9 1242.26 1101.61 
1179.69 761.325 1627.19 988.468 
2161.55 242.379 2059.17 816.443 
186.763 1129.48 1799.65 1920.48 
1309.02 1707.34 869.504 801.672 
1607.18 757.89 1976.05 880.955 
2462.2 1275.14 2517.95 1294.74 
1001.52 1780.65 259.901 1757.73 
97.104 1715.11 595.723 679.627 
1397.58 1795.63 1468.37 1625.7 
1545.11 934.04 403.017 1388.55 
762.534 1198.03 2317.33 946.95 
130.183 1932.94 236.605 1756.83 
113.816 420.239 436.793 1121.27 
2053.11 251.4 2478.39 1475.2 
1389.05 248.784 1728.78 523.172 
1993.45 1809.57 51.8965 1705.2 
1160.65 1235.41 1635.12 1236.73 
1973.18 787.097 692.446 995.539 
1436.64 1566.51 1564.94 1659.76 
1388.7 1288.13 684.198 1259.94 
2116 1231.5 2380.49 645.194 
356.42 1306.88 704.039 1270.43 
2108.92 431.631 725.708 988.804 
92.7603 1583.24 1220.56 606.644 
1167.86 494.502 1621.34 672.531 
1184.21 894.013 1806.66 948.846 
553.935 377.993 330.385 648.123 
1242.94 337.737 1931.96 560.098 
1984.23 412.862 2244.14 1073.89 
498.82 515.604 1047.77 976.549 
1475.52 911.278 1853.43 988.161 
1287.12 1482.26 1942.31 1130.37 
1425.22 453.725 1883.27 834.687 
1419.01 651.449 1812.04 552.094 
2385.91 1924.33 1983.97 985.988 
1839.01 1175.98 1489.78 866.692 
1603.87 1807.66 1861.1 950.417 
1584.52 311.061 1421.34 583.18 
1499.2 1286.06 2316 913.846 
257.467 639.525 2269.54 736.549 
1921.35 291.113 1011.23 563.297 
1521.22 1662.02 2379.72 1166.27 
2294.18 212.864 2429.31 506.427 
800.826 970.894 1291.35 805.955 
2126.53 1107.29 2553.2 1004.06 
472.588 271.999 1239.38 1153.8 
813.367 675.285 2021.15 969.654 
1957.82 949.796 390.071 1637.87 
2491.26 493.687 1229.05 1188.85 
659.455 539.836 2136.45 1317.73 
977.737 696.103 585.403 1206.74 
1998.91 1018.35 2393.38 828.13 
1595.58 1776.66 259.989 1754.68 
1043.61 880.978 1772.45 715.899 
239.289 1063.89 673.401 686.265 
2410.05 1263.3 1230.78 991.07 
764.8 473.561 654.761 981.208 
121.411 534.357 1130.91 718.441 
1503.56 456.895 1918.03 640.937 
1434.13 1901.89 541.429 1019.69 
1791.46 1478.14 687.987 1026.93 
1027.61 1688.42 2350.91 1203.56 
1417.91 1588.54 966.484 808.488 
1332.88 252.951 256.014 554.691 
1277.96 1871.98 1180.54 894.935 
1786.23 1882.96 115.361 1711.65 
372.901 1323.1 684.098 1069.57 
1450.35 1591.34 1185.98 883.638 
1325.25 1560.83 2129.03 690.432 
323.594 485.122 1131.52 927.18 
2524.07 1003.5 2461.92 777.707 
1984.11 359.789 2445.91 1279.07 
1719.33 1298.48 2432.41 1159.04 
1148.88 1647.89 177.778 1502.61 
2021.85 667.328 1386.97 957.668 
556.875 893.576 1165.46 941.834 
1357.71 1178.7 1800.47 844.35 
237.209 893.819 1329.11 716.956 
77.8364 1215.79 1546.56 1648 
1762.18 549.985 194.941 633.232 
118.81 432.868 887.013 705.185 
1034.5 1234.54 1549.72 1234.46 
1102.21 1822.49 1542.09 1807.19 
1245.92 870.911 1613.17 979.257 
1804.4 995.966 1453.99 1148.85 
2276.37 717.461 1328.76 840.163 
747.223 964.924 1727.36 599.075 
1043.6 868.93 750 602.458 
379.027 318.624 82.0949 1082.22 
605.958 551.42 622.078 659.161 
1460.38 360.315 300.256 1356.07 
199.388 1058.57 290.452 914.122 
1268.86 1304.04 420.944 844.243 
783.306 1022.45 2352.91 854.008 
1076.85 1800.63 1099.46 616.747 
2280.65 451.411 1810.1 520.849 
1943.38 1185.91 2507.01 1108.27 
1834.39 1738.71 763.273 1629.06 
2119.01 852.439 2373.02 1282.87 
1401.88 1823.85 214.504 581.296 
894.626 516.296 2192.45 679.039 
2463.89 895.977 556.133 861.758 
568.171 859.971 697.875 998.273 
489.492 756.124 2046.03 636.375 
1576.47 720.145 1902.7 832.13 
1853.21 1216.42 1924.08 1233.28 
2213.12 271.089 1532.28 630.725 
1849.64 340.738 2407.68 554.816 
1325.08 363.557 2509.49 1373.32 
950.307 554.495 2191.9 786.839 
1368.73 1887.66 1487.25 1804.74 
2563.25 748.993 2512.47 603.264 
2428.72 472.224 947.212 832.372 
1626.32 1129.38 273.813 1103.55 
2487.64 671.866 1845.77 1240.9 
2518.88 871.359 69.8767 601.223 
797.835 1222.54 2073.94 1935.43 
1618.23 1751.01 1339.15 855.581 
1527.62 1117.19 2484.84 1174.02 
529.415 1091.75 536.902 1198.9 
1867.9 1555.55 403.017 1388.55 
1651.88 1269.93 2296.68 1321.38 
205.702 1173.77 896.886 659.179 
1125.17 1146.98 1910.37 719.437 
494.774 355.368 313.554 726.668 
2377.58 301.334 1135.26 580.472 
709.771 1005.5 1653.64 546.535 
42.0288 429.333 869.814 1176.89 
1161.78 1675.51 844.117 1102.2 
2335.41 981.804 605.515 1182.54 
163.996 1887.09 752.8 1642.98 
493.906 769.342 2321.59 998.451 
912.596 444.339 1382.09 595.914 
1083.54 531.3 1612.91 697.665 
2561.42 660.016 2392.31 788.373 
1915.92 1222.96 2209.71 1240.45 
2386.14 590.5 2553.26 500.317 
2033.85 290.301 893.88 1048.3 
1365.19 1678.03 2361.04 856.133 
1248.84 614.417 1525.44 1232.96 
465.502 1761.63 2146.83 708.787 
2365.92 585.924 2336.64 1075.53 
972.983 454.017 933.353 1006.08 
1020.44 596.602 2547.59 1265.29 
2360.32 1791.6 2095.22 1215.32 
1662.31 1237.48 2435.02 687.076 
2245.66 972.517 2349.07 1040.68 
1478.04 1254.38 1686.93 1883.42 
140.81 1052.17 2504.66 1916.12 
914.029 891.628 444.26 587.417 
688.457 1187.29 1758.71 1464.41 
1642.13 927.833 415.401 1199.73 
1381.6 248 496.501 585.847 
1338.34 595.805 1759.31 769.252 
1093.96 903.157 1592.83 980.964 
2154.85 923.988 2337.7 1308.63 
1342.99 1924.7 771.902 1115.71 
1975.06 931.324 1638.71 970.938 
1979.26 1616.88 993.233 1713.93 
2148.86 235.189 626.825 599.549 
2125.61 375.577 2459.89 1203.8 
1745.98 742.047 2163.31 863.343 
2410.85 1045.04 661.904 825.581 
775.939 1915.89 2427.2 934.454 
225.263 1092.23 102.793 583.056 
2030.19 373.485 1405.55 1043.31 
198.335 1879.6 1956.51 961.141 
247.717 1309.43 2407.88 1096.75 
1390.64 861.412 1715 971.447 
468.839 543.863 118.914 586.055 
2085.94 473.781 1215.14 663.293 
257.405 736.99 1214.55 811.061 
2176.9 334.631 1388.5 601.762 
567.454 1204.43 359.779 1299.03 
1377.95 1937.06 1134.36 590.153 
2498.05 995.118 2176.02 1308.61 
1647.18 1860.51 1714.3 1007.02 
1798.44 1491.75 2577.39 792.986 
1243.02 340.824 2323.56 787.165 
71.5799 591.933 1491.04 1488.28 
1955.66 917.047 2012.17 1210.2 
818.047 1052.48 904.443 1180.67 
831.991 397.724 1612.22 610.048 
1440.32 417.379 2241.18 1211.67 
1233.37 1148.71 265.237 1769.91 
1093.01 1168.5 1657.12 1186.34 
1795.79 497.366 2173.1 663.407 
572.79 1128.11 550.247 1304.46 
99.2364 538.543 2494.39 1406.21 
34.1571 1006.34 1436.03 1163.45 
1745.92 1745.21 2122.94 1694.13 
573.202 1143.32 175.734 582.484 
864.428 1089.41 2273.95 759.212 
1183.57 881.669 1765.6 958.138 
1037.2 1937.38 1822.49 854.267 
1890 509.728 526.091 1296.82 
2382.51 1291.71 621.312 998.866 
407.502 557.375 1323.46 938.615 
36.3172 457.179 2286.49 1931.25 
802.576 921.699 1695.45 965.226 
1041.15 1361.56 2067.8 1468.53 
1703.28 487.122 499.184 1362.98 
