348
96.000000000000 320.000000000000 37.352375030518 -60.908294677734 -19.510192871094
108.000000000000 148.000000000000 24.762817382813 64.256835937500 -26.970575332642
104.000000000000 284.000000000000 25.940443038940 -39.984973907471 -12.002117156982
208.000000000000 108.000000000000 -77.856101989746 83.125816345215 -7.422474861145
100.000000000000 260.000000000000 30.467185974121 -12.758850097656 -16.951683044434
108.000000000000 308.000000000000 19.916505813599 -60.754096984863 -15.002066612244
112.000000000000 208.000000000000 10.076972961426 18.182710647583 -11.902026176453
96.000000000000 192.000000000000 28.460462570190 32.325725555420 -18.587312698364
52.000000000000 136.000000000000 62.986583709717 84.837173461914 -16.756048202515
104.000000000000 268.000000000000 25.857717514038 -28.321720123291 -9.307742118835
196.000000000000 112.000000000000 -58.831909179688 81.971710205078 -9.218249320984
92.000000000000 200.000000000000 37.397106170654 27.259983062744 -17.061983108521
52.000000000000 168.000000000000 72.350837707520 63.519428253174 -25.405952453613
60.000000000000 232.000000000000 52.782672882080 13.623798370361 -2.407323598862
148.000000000000 116.000000000000 -17.850141525269 76.862785339355 -24.804529190063
0.000000000000 152.000000000000 89.283706665039 80.596397399902 -5.611357688904
200.000000000000 132.000000000000 -65.906806945801 57.612754821777 -17.329187393188
96.000000000000 184.000000000000 33.626018524170 36.282562255859 -16.926073074341
112.000000000000 112.000000000000 7.706893920898 87.230682373047 -9.902291297913
52.000000000000 184.000000000000 71.219657897949 53.341278076172 -22.602825164795
140.000000000000 136.000000000000 -5.685103893280 63.737560272217 -25.153030395508
88.000000000000 324.000000000000 54.995388031006 -63.263469696045 -16.197975158691
84.000000000000 176.000000000000 41.190486907959 44.486389160156 -18.201375961304
68.000000000000 192.000000000000 53.412307739258 39.837882995605 -16.773563385010
196.000000000000 104.000000000000 -61.880607604980 84.481765747070 -6.446885108948
112.000000000000 232.000000000000 -4.248547077179 16.516349792480 -4.697628974915
84.000000000000 252.000000000000 49.437290191650 1.603404879570 -18.200395584106
212.000000000000 104.000000000000 -80.144012451172 82.732826232910 -6.245041847229
104.000000000000 232.000000000000 18.010839462280 11.335576057434 -14.055270195007
20.000000000000 168.000000000000 90.114776611328 66.301490783691 -17.518306732178
32.000000000000 188.000000000000 83.385681152344 54.139019012451 -19.332653045654
188.000000000000 136.000000000000 -55.918052673340 57.114562988281 -17.934152603149
104.000000000000 288.000000000000 25.021432876587 -43.568336486816 -11.795148849487
80.000000000000 136.000000000000 44.279457092285 80.236236572266 -22.312597274780
100.000000000000 292.000000000000 25.484798431396 -45.631946563721 -12.144485473633
20.000000000000 192.000000000000 87.868354797363 54.024559020996 -12.961925506592
124.000000000000 116.000000000000 2.068889856339 84.813995361328 -17.515029907227
96.000000000000 332.000000000000 44.836555480957 -66.273017883301 -23.473682403564
16.000000000000 140.000000000000 84.640144348145 86.540489196777 -9.969512939453
84.000000000000 232.000000000000 46.795948028564 15.532721519470 -16.627761840820
148.000000000000 152.000000000000 -8.578890800476 52.471977233887 -21.965852737427
100.000000000000 176.000000000000 24.592485427856 44.106628417969 -18.736330032349
32.000000000000 148.000000000000 83.252487182617 80.055046081543 -21.471452713013
84.000000000000 204.000000000000 41.979179382324 27.878049850464 -16.666255950928
76.000000000000 344.000000000000 66.281852722168 -82.343193054199 -13.107877731323
100.000000000000 164.000000000000 28.515172958374 53.050567626953 -23.973928451538
108.000000000000 236.000000000000 6.123716831207 7.207272529602 5.396622180939
44.000000000000 144.000000000000 72.961166381836 80.724678039551 -22.038131713867
72.000000000000 196.000000000000 50.018505096436 35.889846801758 -16.035209655762
120.000000000000 196.000000000000 -1.837136268616 21.092029571533 -8.241033554077
192.000000000000 116.000000000000 -58.420349121094 72.050781250000 -19.879739761353
56.000000000000 340.000000000000 66.365005493164 -80.174690246582 8.242205619812
124.000000000000 132.000000000000 7.828341007233 72.689392089844 -26.037508010864
28.000000000000 148.000000000000 84.435203552246 81.907455444336 -18.639839172363
124.000000000000 188.000000000000 -2.508528232574 24.729965209961 -9.593087196350
92.000000000000 160.000000000000 37.196895599365 60.004093170166 -26.844379425049
132.000000000000 168.000000000000 4.308941841125 43.052856445313 -20.540281295776
76.000000000000 168.000000000000 48.234466552734 56.010875701904 -24.272861480713
64.000000000000 296.000000000000 59.412269592285 -40.200325012207 0.524833083153
68.000000000000 172.000000000000 59.307621002197 57.601680755615 -24.471933364868
88.000000000000 252.000000000000 47.440650939941 0.729461073875 -18.223558425903
108.000000000000 300.000000000000 22.790863037109 -59.912738800049 -13.844162940979
148.000000000000 132.000000000000 -11.606512069702 66.907127380371 -28.691385269165
0.000000000000 160.000000000000 89.387893676758 78.662796020508 -5.890246868134
200.000000000000 92.000000000000 -71.163780212402 86.824241638184 -1.117086768150
168.000000000000 116.000000000000 -34.230281829834 75.253585815430 -23.261234283447
96.000000000000 352.000000000000 54.640464782715 -85.043937683105 -27.853981018066
64.000000000000 212.000000000000 54.606872558594 27.742143630981 -11.128107070923
80.000000000000 292.000000000000 54.502292633057 -35.106704711914 -13.969697952271
80.000000000000 224.000000000000 47.244686126709 19.801099777222 -15.855265617371
56.000000000000 136.000000000000 60.750503540039 84.130966186523 -17.697362899780
36.000000000000 128.000000000000 67.683082580566 88.549362182617 -2.158502578735
88.000000000000 240.000000000000 45.432422637939 9.695592880249 -20.011911392212
148.000000000000 124.000000000000 -14.137787818909 72.520477294922 -27.433156967163
84.000000000000 140.000000000000 42.976001739502 76.887115478516 -24.775011062622
68.000000000000 308.000000000000 60.568737030029 -54.745468139648 -1.369628071785
148.000000000000 164.000000000000 -11.422056198120 34.998077392578 -12.430370330811
56.000000000000 256.000000000000 60.025909423828 -9.676218986511 1.538906931877
184.000000000000 144.000000000000 -45.528968811035 49.481632232666 -13.732892990112
80.000000000000 324.000000000000 60.275634765625 -64.080467224121 -11.617499351501
108.000000000000 108.000000000000 5.929716587067 89.624351501465 -1.992527842522
104.000000000000 308.000000000000 23.545635223389 -58.946678161621 -14.445717811584
108.000000000000 252.000000000000 5.765349388123 6.306580543518 4.529291152954
36.000000000000 136.000000000000 76.201797485352 87.754920959473 -13.676883697510
76.000000000000 176.000000000000 47.382316589355 48.325126647949 -20.082862854004
64.000000000000 232.000000000000 52.425575256348 15.646035194397 -4.392694950104
28.000000000000 172.000000000000 87.530227661133 63.790760040283 -21.661607742310
192.000000000000 132.000000000000 -58.873016357422 58.370670318604 -18.731241226196
132.000000000000 140.000000000000 2.523818969727 64.225250244141 -26.052278518677
96.000000000000 240.000000000000 30.109722137451 1.755535960197 -16.826606750488
28.000000000000 136.000000000000 78.838462829590 87.510780334473 -10.405504226685
88.000000000000 276.000000000000 47.768989562988 -26.525146484375 -17.026111602783
112.000000000000 176.000000000000 17.076625823975 38.100124359131 -16.658758163452
136.000000000000 96.000000000000 -19.810682296753 91.544624328613 -6.075525760651
40.000000000000 200.000000000000 76.347953796387 40.012020111084 -10.226358413696
124.000000000000 100.000000000000 -11.422824859619 92.448173522949 -3.369561910629
60.000000000000 284.000000000000 61.092658996582 -28.381490707397 1.180773615837
52.000000000000 144.000000000000 66.853904724121 79.164710998535 -23.204486846924
68.000000000000 236.000000000000 52.838340759277 13.823509216309 -6.520665645599
104.000000000000 216.000000000000 20.972639083862 17.511299133301 -15.479359626770
88.000000000000 272.000000000000 47.444541931152 -23.060943603516 -17.315723419189
96.000000000000 324.000000000000 39.738456726074 -62.057121276855 -20.763996124268
72.000000000000 240.000000000000 52.311813354492 11.596755981445 -10.665097236633
68.000000000000 212.000000000000 52.126930236816 26.591545104980 -11.673508644104
84.000000000000 240.000000000000 47.757266998291 11.181839942932 -17.605329513550
40.000000000000 204.000000000000 75.691467285156 37.564723968506 -10.189903259277
80.000000000000 132.000000000000 44.312377929688 81.873283386230 -19.940137863159
64.000000000000 140.000000000000 57.132061004639 79.012252807617 -22.458217620850
200.000000000000 92.000000000000 -74.633224487305 88.866508483887 -4.338896751404
4.000000000000 156.000000000000 90.558624267578 78.291152954102 -4.030728340149
60.000000000000 236.000000000000 53.704704284668 10.697810173035 -1.906916260719
96.000000000000 196.000000000000 28.789409637451 29.748058319092 -18.578418731689
156.000000000000 148.000000000000 -16.948829650879 54.697563171387 -25.264863967896
100.000000000000 140.000000000000 31.260084152222 73.801132202148 -26.792806625366
64.000000000000 132.000000000000 51.618679046631 84.379302978516 -16.721647262573
76.000000000000 128.000000000000 45.937164306641 84.158454895020 -15.449787139893
100.000000000000 332.000000000000 40.416439056396 -68.326774597168 -24.285696029663
60.000000000000 132.000000000000 54.961685180664 86.580520629883 -15.468009948730
104.000000000000 236.000000000000 24.497432708740 -0.078950151801 -13.800790786743
84.000000000000 288.000000000000 52.219470977783 -32.831604003906 -15.597899436951
56.000000000000 184.000000000000 67.854637145996 52.098983764648 -22.084833145142
132.000000000000 184.000000000000 -3.932889938354 22.416734695435 -7.731090068817
4.000000000000 172.000000000000 89.858863830566 72.508926391602 -3.397980690002
172.000000000000 152.000000000000 -19.061012268066 39.189567565918 -7.201619148254
28.000000000000 128.000000000000 76.250808715820 89.536575317383 -0.878400921822
80.000000000000 240.000000000000 49.513961791992 11.027576446533 -15.604228973389
128.000000000000 132.000000000000 4.789996147156 72.103820800781 -25.668651580811
92.000000000000 320.000000000000 50.928215026855 -60.419525146484 -14.823239326477
76.000000000000 348.000000000000 66.705802917480 -84.780242919922 -11.420838356018
204.000000000000 120.000000000000 -71.360473632813 68.914733886719 -18.054363250732
84.000000000000 284.000000000000 52.157417297363 -30.462711334229 -15.873483657837
132.000000000000 104.000000000000 -12.689646720886 90.710014343262 -12.397687911987
100.000000000000 120.000000000000 26.030723571777 87.873130798340 -17.499641418457
88.000000000000 268.000000000000 52.534767150879 -19.248704910278 -14.128668785095
100.000000000000 180.000000000000 24.280323028564 41.596012115479 -17.646728515625
84.000000000000 324.000000000000 58.455089569092 -63.943302154541 -14.317570686340
96.000000000000 288.000000000000 39.029514312744 -37.600723266602 -16.891290664673
100.000000000000 288.000000000000 37.225425720215 -36.948692321777 -16.585454940796
16.000000000000 156.000000000000 89.756546020508 79.546577453613 -17.585670471191
80.000000000000 172.000000000000 43.933395385742 52.593914031982 -21.811502456665
84.000000000000 268.000000000000 53.581573486328 -18.014680862427 -14.741253852844
32.000000000000 192.000000000000 83.175842285156 52.498813629150 -17.987049102783
88.000000000000 216.000000000000 39.551063537598 20.385538101196 -18.006193161011
88.000000000000 332.000000000000 58.133560180664 -67.548339843750 -20.588045120239
80.000000000000 312.000000000000 58.301292419434 -54.588752746582 -8.703651428223
36.000000000000 132.000000000000 68.930038452148 89.414756774902 -7.117897510529
80.000000000000 280.000000000000 56.239025115967 -27.922142028809 -11.096801757813
20.000000000000 196.000000000000 86.962921142578 53.500324249268 -12.622642517090
112.000000000000 140.000000000000 20.162481307983 70.767646789551 -26.971120834351
32.000000000000 140.000000000000 79.291702270508 85.755058288574 -17.593137741089
68.000000000000 116.000000000000 47.320755004883 88.230506896973 2.572716712952
76.000000000000 216.000000000000 46.258129119873 22.206289291382 -14.186464309692
12.000000000000 180.000000000000 91.625495910645 58.697830200195 -12.194217681885
96.000000000000 140.000000000000 34.018264770508 74.594619750977 -25.878606796265
68.000000000000 144.000000000000 55.968811035156 75.590560913086 -24.085828781128
116.000000000000 332.000000000000 13.933004379272 -79.709129333496 -24.728685379028
196.000000000000 128.000000000000 -62.654136657715 61.452297210693 -19.243333816528
112.000000000000 116.000000000000 12.938593864441 85.196952819824 -21.362316131592
108.000000000000 164.000000000000 23.621400833130 49.821662902832 -23.462926864624
0.000000000000 156.000000000000 89.561729431152 79.455001831055 -5.988742828369
104.000000000000 256.000000000000 26.151712417603 -9.908407211304 -15.378074645996
52.000000000000 320.000000000000 63.418849945068 -66.886993408203 14.999714851379
8.000000000000 188.000000000000 91.798576354980 54.879215240479 -0.809120774269
80.000000000000 320.000000000000 59.143680572510 -60.885650634766 -10.458652496338
144.000000000000 132.000000000000 -9.399051666260 68.166625976563 -29.141984939575
44.000000000000 172.000000000000 79.044654846191 61.348350524902 -25.988910675049
92.000000000000 252.000000000000 37.994148254395 -4.921279907227 -18.529098510742
44.000000000000 156.000000000000 75.469093322754 72.788055419922 -26.270563125610
80.000000000000 256.000000000000 51.667209625244 -1.171973466873 -15.412711143494
64.000000000000 340.000000000000 68.288772583008 -79.448089599609 4.132637023926
92.000000000000 156.000000000000 36.966613769531 62.514221191406 -27.238086700439
84.000000000000 256.000000000000 50.101573944092 -0.767645478249 -17.311883926392
36.000000000000 148.000000000000 80.144859313965 79.898925781250 -22.599243164063
200.000000000000 108.000000000000 -64.072494506836 83.684974670410 -6.441158771515
208.000000000000 100.000000000000 -77.910324096680 84.748390197754 -5.896546840668
128.000000000000 136.000000000000 6.115302085876 68.047721862793 -25.829387664795
116.000000000000 128.000000000000 13.688605308533 79.248001098633 -26.209688186646
124.000000000000 108.000000000000 -3.294931650162 88.928306579590 -12.920815467834
76.000000000000 340.000000000000 65.181312561035 -78.925460815430 -15.113555908203
104.000000000000 312.000000000000 23.168674468994 -59.683811187744 -15.687481880188
88.000000000000 184.000000000000 36.752742767334 38.519184112549 -16.422065734863
20.000000000000 140.000000000000 83.196372985840 86.908836364746 -12.010251045227
96.000000000000 220.000000000000 29.837150573730 17.049922943115 -18.211029052734
8.000000000000 180.000000000000 89.011199951172 69.873649597168 -5.784766674042
120.000000000000 172.000000000000 9.720051765442 42.756515502930 -20.881523132324
40.000000000000 132.000000000000 66.385231018066 89.464561462402 -8.911072731018
72.000000000000 332.000000000000 65.871658325195 -70.247505187988 -6.369406223297
80.000000000000 336.000000000000 65.219009399414 -70.842361450195 -13.892259597778
52.000000000000 156.000000000000 70.024559020996 71.508277893066 -26.194610595703
120.000000000000 184.000000000000 10.966196060181 27.346094131470 -14.136610031128
20.000000000000 168.000000000000 89.987327575684 68.818450927734 -19.316347122192
100.000000000000 312.000000000000 29.603498458862 -58.488525390625 -16.408216476440
184.000000000000 140.000000000000 -53.257675170898 55.155490875244 -18.300537109375
88.000000000000 348.000000000000 60.137073516846 -83.189331054688 -23.338712692261
92.000000000000 180.000000000000 34.282966613770 39.088825225830 -16.400112152100
108.000000000000 288.000000000000 23.377723693848 -43.906604766846 -8.881692886353
104.000000000000 300.000000000000 24.856157302856 -58.183502197266 -12.996353149414
144.000000000000 148.000000000000 -4.738889217377 55.173614501953 -23.773427963257
112.000000000000 244.000000000000 4.743647098541 8.093385696411 5.546947956085
152.000000000000 148.000000000000 -11.204062461853 54.119102478027 -23.231828689575
52.000000000000 164.000000000000 71.577537536621 65.670761108398 -25.188369750977
72.000000000000 184.000000000000 49.641819000244 42.519306182861 -17.756589889526
60.000000000000 184.000000000000 64.384574890137 51.377925872803 -22.208280563354
76.000000000000 248.000000000000 52.678283691406 5.654747009277 -11.558648109436
192.000000000000 104.000000000000 -57.427497863770 84.519683837891 -7.221078872681
104.000000000000 272.000000000000 26.219091415405 -31.018632888794 -9.876085281372
68.000000000000 184.000000000000 52.334667205811 43.611843109131 -18.094877243042
88.000000000000 228.000000000000 44.747547149658 16.079824447632 -19.213197708130
88.000000000000 300.000000000000 47.673507690430 -45.567764282227 -15.534382820129
136.000000000000 136.000000000000 -2.422788858414 66.054924011230 -26.529989242554
104.000000000000 344.000000000000 39.081428527832 -82.439094543457 -27.650339126587
140.000000000000 104.000000000000 -15.963306427002 89.276321411133 -15.379896163940
12.000000000000 144.000000000000 86.886222839355 85.067817687988 -9.950597763062
116.000000000000 160.000000000000 20.228080749512 51.415515899658 -24.555171966553
96.000000000000 128.000000000000 30.023950576782 82.197212219238 -21.357009887695
16.000000000000 148.000000000000 87.059616088867 83.997573852539 -15.855462074280
92.000000000000 204.000000000000 37.788475036621 25.421638488770 -17.222190856934
156.000000000000 152.000000000000 -10.237181663513 50.659420013428 -22.304025650024
84.000000000000 292.000000000000 51.491024017334 -36.510185241699 -15.326128005981
112.000000000000 288.000000000000 22.379013061523 -44.510402679443 -7.666356563568
32.000000000000 184.000000000000 84.246330261230 55.488513946533 -20.018468856812
116.000000000000 176.000000000000 10.281698226929 40.930511474609 -19.648883819580
168.000000000000 100.000000000000 -40.045940399170 87.038131713867 -7.540707111359
96.000000000000 124.000000000000 29.581174850464 84.809364318848 -19.631286621094
96.000000000000 212.000000000000 29.193342208862 19.474027633667 -18.101573944092
64.000000000000 324.000000000000 64.074775695801 -66.158660888672 -0.792143106461
172.000000000000 148.000000000000 -36.562484741211 47.645183563232 -15.254635810852
116.000000000000 228.000000000000 -4.635262966156 18.144733428955 -4.003228187561
68.000000000000 292.000000000000 58.966121673584 -38.204025268555 -1.261626839638
68.000000000000 288.000000000000 59.031482696533 -33.433750152588 -1.612503409386
120.000000000000 280.000000000000 33.733581542969 37.455581665039 14.013228416443
104.000000000000 328.000000000000 31.838333129883 -67.365135192871 -23.710197448730
68.000000000000 132.000000000000 50.633113861084 83.715553283691 -17.606122970581
140.000000000000 132.000000000000 -5.864330291748 66.939369201660 -26.678735733032
80.000000000000 344.000000000000 64.836593627930 -81.760696411133 -17.035293579102
136.000000000000 144.000000000000 0.200614586473 59.149139404297 -24.110342025757
156.000000000000 148.000000000000 -12.344469070435 53.572807312012 -23.863779067993
88.000000000000 176.000000000000 35.398212432861 46.292461395264 -18.487440109253
116.000000000000 320.000000000000 10.529311180115 -72.811637878418 -21.307342529297
92.000000000000 220.000000000000 38.480937957764 18.457607269287 -18.101980209351
76.000000000000 276.000000000000 57.289569854736 -23.623378753662 -9.217178344727
100.000000000000 136.000000000000 29.501506805420 75.962646484375 -25.871572494507
96.000000000000 276.000000000000 39.392555236816 -29.002784729004 -17.937200546265
40.000000000000 184.000000000000 80.112632751465 55.641635894775 -23.088500976563
92.000000000000 236.000000000000 34.353370666504 8.245258331299 -18.692033767700
120.000000000000 132.000000000000 10.726740837097 73.974670410156 -26.469017028809
56.000000000000 272.000000000000 59.992015838623 -18.156671524048 1.097102761269
84.000000000000 248.000000000000 48.274383544922 4.827818870544 -18.911964416504
20.000000000000 184.000000000000 88.690605163574 56.114940643311 -14.379809379578
60.000000000000 324.000000000000 65.272674560547 -66.253852844238 8.989981651306
56.000000000000 168.000000000000 68.942382812500 62.489486694336 -24.799510955811
88.000000000000 288.000000000000 47.638927459717 -35.103515625000 -16.598625183105
176.000000000000 104.000000000000 -45.730556488037 84.077415466309 -8.292887687683
92.000000000000 280.000000000000 42.770404815674 -30.454896926880 -17.714693069458
184.000000000000 92.000000000000 -63.169273376465 87.660179138184 -0.668426692486
112.000000000000 232.000000000000 8.853244781494 14.045886993408 -10.588739395142
80.000000000000 244.000000000000 50.584236145020 8.000123023987 -15.588159561157
100.000000000000 168.000000000000 26.896080017090 49.174987792969 -22.248224258423
196.000000000000 108.000000000000 -59.903659820557 83.006362915039 -8.433539390564
120.000000000000 156.000000000000 18.368383407593 53.181156158447 -25.329326629639
108.000000000000 224.000000000000 12.904314041138 14.876878738403 -12.895750999451
148.000000000000 148.000000000000 -8.715836524963 54.788078308105 -23.723348617554
56.000000000000 156.000000000000 67.167465209961 70.888870239258 -26.000783920288
20.000000000000 136.000000000000 81.673950195313 87.260986328125 -8.196468353271
188.000000000000 132.000000000000 -55.636913299561 60.480285644531 -19.642976760864
120.000000000000 120.000000000000 7.615654945374 82.985023498535 -24.748132705688
92.000000000000 348.000000000000 56.047664642334 -82.724136352539 -25.817407608032
120.000000000000 160.000000000000 12.114986419678 50.626518249512 -23.719238281250
92.000000000000 128.000000000000 33.576282501221 82.215995788574 -19.880388259888
188.000000000000 100.000000000000 -57.257606506348 85.735527038574 -5.549587249756
104.000000000000 248.000000000000 24.164541244507 -5.490109920502 -13.446695327759
112.000000000000 296.000000000000 21.853231430054 -62.632915496826 -15.782970428467
156.000000000000 100.000000000000 -30.710512161255 89.502639770508 -8.154039382935
56.000000000000 172.000000000000 68.882942199707 60.523033142090 -24.701185226440
84.000000000000 160.000000000000 44.325222015381 64.759063720703 -27.121482849121
48.000000000000 176.000000000000 75.695816040039 58.395172119141 -25.274478912354
12.000000000000 160.000000000000 90.435096740723 77.054130554199 -14.213553428650
112.000000000000 152.000000000000 22.645454406738 59.991497039795 -26.672216415405
100.000000000000 276.000000000000 37.174877166748 -29.798669815063 -17.447080612183
188.000000000000 116.000000000000 -55.856365203857 72.538360595703 -20.429637908936
148.000000000000 140.000000000000 -10.543172836304 60.161014556885 -25.819766998291
180.000000000000 88.000000000000 -63.413265228271 87.019622802734 -0.759546458721
76.000000000000 292.000000000000 58.123180389404 -36.108699798584 -7.526853084564
72.000000000000 292.000000000000 58.740917205811 -36.878261566162 -4.320777893066
116.000000000000 280.000000000000 22.588039398193 -37.774330139160 -5.977024078369
124.000000000000 156.000000000000 10.243850708008 53.315731048584 -24.878473281860
180.000000000000 112.000000000000 -47.150588989258 80.729614257813 -13.302721977234
104.000000000000 200.000000000000 22.315382003784 24.902553558350 -16.542884826660
64.000000000000 336.000000000000 68.296104431152 -76.568603515625 4.980355739594
108.000000000000 152.000000000000 25.571195602417 60.892120361328 -26.548795700073
28.000000000000 144.000000000000 82.248474121094 84.763916015625 -16.989179611206
88.000000000000 220.000000000000 39.730358123779 18.802927017212 -17.994806289673
56.000000000000 276.000000000000 60.364215850830 -21.560754776001 1.023550987244
40.000000000000 140.000000000000 73.578269958496 84.088882446289 -17.954948425293
132.000000000000 140.000000000000 1.541710019112 63.116039276123 -25.170289993286
196.000000000000 136.000000000000 -62.877239227295 55.656730651855 -17.143463134766
88.000000000000 144.000000000000 40.552417755127 73.366180419922 -26.372720718384
60.000000000000 172.000000000000 65.325141906738 59.546886444092 -24.209960937500
60.000000000000 324.000000000000 64.606803894043 -67.934715270996 0.585838854313
72.000000000000 208.000000000000 49.820308685303 28.061443328857 -13.461222648621
136.000000000000 156.000000000000 0.376058697701 51.543079376221 -22.315864562988
16.000000000000 180.000000000000 90.679161071777 58.304763793945 -13.764947891235
60.000000000000 160.000000000000 64.060539245605 67.507392883301 -25.922578811646
80.000000000000 208.000000000000 43.718036651611 26.088880538940 -16.313093185425
64.000000000000 284.000000000000 60.222343444824 -29.736785888672 -0.250297129154
100.000000000000 184.000000000000 25.616851806641 36.011856079102 -17.762678146362
52.000000000000 196.000000000000 70.108528137207 43.403709411621 -17.521589279175
108.000000000000 264.000000000000 24.550191879272 -27.780723571777 -7.109021663666
144.000000000000 116.000000000000 -11.266082763672 82.765350341797 -22.649206161499
116.000000000000 320.000000000000 12.379998207092 -70.268486022949 -19.575368881226
144.000000000000 104.000000000000 -16.862018585205 88.328681945801 -16.159332275391
168.000000000000 112.000000000000 -35.962779998779 77.731613159180 -21.643617630005
104.000000000000 304.000000000000 24.557140350342 -58.758247375488 -13.816212654114
84.000000000000 300.000000000000 51.330360412598 -44.133705139160 -15.182511329651
100.000000000000 316.000000000000 31.114231109619 -60.085269927979 -18.240945816040
28.000000000000 200.000000000000 79.902770996094 40.682357788086 -8.935400962830
84.000000000000 120.000000000000 36.575904846191 88.940803527832 -9.756304740906
92.000000000000 188.000000000000 34.953727722168 35.179553985596 -17.370580673218
112.000000000000 212.000000000000 7.768599033356 16.904184341431 -11.126084327698
48.000000000000 196.000000000000 72.718238830566 43.932296752930 -15.269840240479
88.000000000000 292.000000000000 47.111782073975 -38.946491241455 -16.294015884399
104.000000000000 192.000000000000 21.898639678955 29.386938095093 -17.155990600586
68.000000000000 340.000000000000 68.196250915527 -79.147880554199 2.504357337952
112.000000000000 120.000000000000 14.248685836792 84.399208068848 -23.789434432983
112.000000000000 184.000000000000 15.465070724487 32.043525695801 -15.608605384827
132.000000000000 120.000000000000 -1.640889286995 78.763786315918 -25.579042434692
84.000000000000 260.000000000000 50.745342254639 -3.044979810715 -14.849927902222
180.000000000000 108.000000000000 -47.815212249756 82.145729064941 -10.342827796936
116.000000000000 196.000000000000 9.518756866455 20.403055191040 -12.349784851074
112.000000000000 248.000000000000 5.206495761871 7.719576835632 5.480195522308
208.000000000000 124.000000000000 -75.450798034668 64.289894104004 -17.409185409546
116.000000000000 112.000000000000 5.712457180023 87.094230651855 -11.031433105469
92.000000000000 300.000000000000 44.998287200928 -46.062309265137 -15.219147682190
32.000000000000 136.000000000000 77.583816528320 87.169334411621 -12.627967834473
156.000000000000 124.000000000000 -20.891021728516 71.442794799805 -26.858455657959
104.000000000000 164.000000000000 25.659763336182 51.318538665771 -23.654300689697
68.000000000000 216.000000000000 51.553070068359 23.912057876587 -10.483353614807
64.000000000000 276.000000000000 60.189029693604 -23.512590408325 -0.579713463783
160.000000000000 124.000000000000 -24.053474426270 71.149719238281 -26.481561660767
156.000000000000 120.000000000000 -21.973770141602 74.324920654297 -25.358303070068
68.000000000000 256.000000000000 56.753295898438 -1.001870512962 -3.946819067001
96.000000000000 164.000000000000 32.569675445557 54.573780059814 -24.300483703613
80.000000000000 156.000000000000 47.723819732666 68.268081665039 -26.586099624634
108.000000000000 216.000000000000 13.909871101379 17.278352737427 -13.137954711914
48.000000000000 320.000000000000 63.388496398926 -67.893630981445 17.349987030029
96.000000000000 296.000000000000 41.137271881104 -42.846038818359 -15.882455825806
72.000000000000 148.000000000000 52.603397369385 74.084526062012 -25.443637847900
112.000000000000 300.000000000000 20.856868743896 -63.170269012451 -15.571946144104
