930
168.195 690.916 120.204 694.871 
1037.08 1221.52 1098.71 1302.53 
2147.9 1250.03 2023.49 1316.5 
1039.07 1226.67 1101.26 1308.11 
587.618 342.384 505.527 346.828 
910.288 718.472 1014.87 751.823 
1063.07 740.023 1150.82 781.99 
1290.65 367.417 1279.73 413.673 
981 1339.65 1017.78 1432.9 
509.968 322.018 426.978 318.932 
129.984 734.952 75.7956 743.637 
703.955 1280.61 825.682 1375.6 
109.156 709.005 53.0642 712.038 
109.156 709.005 53.0642 712.038 
991.647 734.934 1087.81 772.115 
708.815 1266.14 830.264 1358.77 
1336.31 373.954 1319.94 424.016 
314.428 807.006 276.862 835.01 
1118.68 825.683 1192.76 874.887 
1033.53 1231.11 1094.69 1312.84 
2142.71 1249.73 2018.5 1316.32 
713.595 874.444 834.336 916.429 
980.831 114.472 1010.42 125.607 
880.573 705.041 988.543 736.123 
495.131 988.663 485.769 1044.82 
644.112 324.036 575.923 330.108 
1290.65 367.417 1279.73 413.673 
576.786 444.021 490.237 455.469 
1212.31 805.855 1280.11 857.434 
323.07 759.138 287.881 780.36 
947.421 716.546 1048.46 751.797 
587.618 342.384 505.527 346.828 
1044.94 743.152 1135.16 783.7 
468.783 991.597 458.023 1047.3 
322.997 741.286 288.56 761.405 
1100.61 1232.56 1171.02 1313.55 
2150.62 1249.61 2026.12 1315.67 
776.9 1390.18 898.883 1498.23 
1204.89 1376.91 1279.86 1467.53 
456.124 1015.37 444.558 1074.45 
1076.76 741.852 1162.6 784.824 
1048.06 1208.81 1111.3 1287.33 
708.815 1266.14 830.264 1358.77 
1002.31 754.508 1097.48 795.553 
649.13 748.066 738.175 774.706 
1065.13 306.774 1083.31 332.369 
928.271 724.426 1031.57 759.081 
226.232 744.835 183.125 759.73 
489.564 972.008 480.501 1025.56 
865.379 701.1 974.629 730.93 
971.777 697.887 1070.43 732.806 
711.999 279.171 664.603 285.306 
1336.31 373.954 1319.94 424.016 
1198.76 1248.67 1275.28 1328.48 
886.097 152.897 898.328 160.098 
782.123 1382.66 905.145 1489.72 
983.572 763.645 1080.66 803.826 
2150.62 1249.61 2026.12 1315.67 
624.23 1288.77 712.292 1387.13 
1020.69 116.757 1049.6 132.462 
794.292 873.542 910.201 917.468 
611.78 429.99 527.537 443.12 
320.329 684.346 287.393 695.627 
1206.38 822.15 1274.66 874.344 
809.739 810.89 923.966 848.719 
735.118 231.683 705.157 234.551 
731.076 861.685 850.881 902.744 
877.686 313.93 875.144 329.204 
2175.61 1246.47 2050.21 1312.83 
813.81 807.342 927.918 844.883 
1119.77 913.02 1191.04 969.061 
1065.13 306.774 1083.31 332.369 
1520.91 784.927 1476.38 849.914 
1380.23 421.875 1360.07 474.951 
1339.75 353.242 1323.29 403.007 
1128.35 912.5 1201.48 968.895 
1016.19 1192.14 1071.6 1270.79 
735.28 879.59 854.674 923.133 
919.809 722.266 1023.67 757.048 
973.401 1351.98 1009.64 1444.28 
706.382 952.046 827.362 1003.46 
1211.52 835.341 1279.45 888.922 
736.014 881.85 855.498 925.414 
1119.91 905.154 1191.12 961.728 
783.374 868.272 900.177 911.464 
1488.14 676.467 1447.1 738.436 
343.875 990.721 306.64 1045.09 
1133.46 713.82 1211.74 757.578 
886.097 152.897 898.328 160.098 
478.227 1050.81 466.911 1114.88 
1351.88 415.619 1336.1 466.847 
902.837 163.132 911.22 172.418 
1064.32 1008.02 1134.15 1071.15 
1549.57 781.352 1499.81 847.229 
909.042 278.426 917.413 292.488 
679.28 561.655 779.773 568.422 
711.822 863.727 831.418 904.005 
1211.52 835.341 1279.45 888.922 
483.382 971.172 473.815 1024.69 
972.253 13.6515 1023.91 17.4368 
1026.48 532.614 1115.58 558.964 
805.173 1355.14 927.111 1457.34 
483.517 992.848 473.115 1049.23 
2032.19 1105.95 1884.92 1176.81 
1739.89 733.329 1651.99 804.945 
1994.68 1145.05 1857.33 1215.84 
780.104 921.977 897.349 971.377 
1149.25 803.355 1225.98 853.147 
496.408 992.207 487.21 1048.9 
1025.53 757.364 1117.98 798.794 
1338.83 1325.53 1424.73 1408.87 
532.952 435.106 439.865 443.136 
449.403 1044.95 437.1 1108.15 
993.275 757.586 1089.42 798.216 
2031.34 793.965 1879.05 873.229 
772.92 1331.77 897.067 1432.2 
644.112 324.036 575.923 330.108 
596.722 1382.04 681.576 1494.54 
719.738 858.95 840.086 899.69 
1170.92 428.637 1175.87 468.16 
756.578 937.812 874.884 988.524 
1346.68 1431.31 1467.51 1522.97 
1334.86 412.703 1318.31 462.945 
504.163 438.194 412.404 444.729 
1212.31 805.855 1280.11 857.434 
184.104 693.353 138.169 698.567 
1166.58 327.798 1170.68 363.722 
1015.42 1210.2 1071.03 1290.58 
483.937 779.08 484.952 807.774 
775.959 478.189 891.674 482.196 
312.049 1002.16 270.766 1057.78 
726.669 1382.39 853.026 1491.84 
380.498 564.001 354.918 564.058 
461.421 525.541 364.84 535.943 
1206.38 822.15 1274.66 874.344 
1074.06 285.421 1092.89 312.176 
426.198 573.655 402.867 577.702 
953.251 737.044 1053.31 774.77 
1327.89 370.733 1312.21 419.608 
855.718 734.745 966.144 765.344 
460.617 1048.18 449.35 1111.84 
644.098 752.609 733.185 779.07 
925.753 257.055 935.273 272.203 
322.997 741.286 288.56 761.405 
1037.42 1189.59 1098.12 1267.92 
1359.29 539.347 1343.77 592.886 
91.0941 687.3 33.3656 686.293 
735.28 879.59 854.674 923.133 
802.502 731.638 917.634 761.164 
634.882 1332.19 741.838 1437.01 
487.39 420.99 390.927 422.985 
729.632 900.142 849.428 945.388 
2039.07 798.491 1885.66 877.926 
530.886 438.679 437.794 446.531 
384.918 555 359.866 554.182 
703.056 394.629 646.669 408.096 
710.291 839.701 831.163 877.005 
1018.33 768.246 1111.52 812.29 
1234.12 1350.63 1309.3 1437.63 
1217.78 1375.83 1290.69 1465.93 
481.183 1018.99 471.177 1078.81 
2096.27 1216.14 1971.17 1284.07 
1382.12 427.723 1361.93 481.316 
1316.4 405.423 1302.36 454.266 
628.672 1308.05 720.069 1408.27 
1088.5 743.341 1172.52 786.836 
296.5 970.35 250.256 1020.91 
390.68 384.194 294.098 376.814 
1380.23 421.875 1360.07 474.951 
965.782 1224.75 1006.5 1306.63 
548.078 427.652 458.655 436.066 
915.945 149.998 927.177 159.503 
1049.92 759.967 1139.17 803.021 
829.182 704.765 941.315 732.832 
2140.58 1253.55 2016.57 1320.27 
738.829 1091.37 859.13 1160.46 
817.938 748.858 931.623 780.931 
1320.64 568.512 1307.07 620.728 
942.485 754.496 1044.84 790.498 
531.942 480.95 437.575 491.324 
754.341 657.576 871.841 676.874 
725.476 863.994 845.176 904.913 
2054.31 970.004 1901.5 1044.74 
364.042 972.971 327.949 1025.5 
642.888 835.919 732.794 872.038 
754.7 1303.14 873.926 1399.89 
732.043 881.387 851.535 924.794 
311.948 768.522 277.044 789.519 
318.298 826.126 281.948 856.304 
852.289 603.078 962.644 623.754 
693.384 403.396 634.792 417.092 
478.599 569.664 481.664 573.823 
796.617 1324.89 918.961 1423.07 
1199.03 822.836 1268.69 875.496 
1145.45 807.099 1222.45 856.906 
321.924 774.134 286.519 797.315 
1186.88 1013.62 1260.02 1077.29 
835.985 353.006 818.979 369.255 
460.51 1013.39 449.055 1072.41 
670.984 545.011 766.784 550.089 
979.127 734.763 1076.72 772.819 
716.175 896.695 836.819 941.608 
348.678 977.433 311.045 1029.94 
1163.08 1026.35 1240.81 1090.96 
755.81 945.485 874.36 996.188 
931.903 249.535 942.514 264.786 
530.886 438.679 437.794 446.531 
906.339 155.245 915.391 163.913 
1069.63 346.723 1088.44 374.563 
749.279 868.832 868.111 910.681 
706.811 386.847 651.975 400.057 
942.956 326.359 957.995 345.328 
604.918 162.764 788.821 112.81 
655.403 320.444 589.415 327.445 
664.755 789.113 760.579 821.287 
487.57 383.676 399.566 382.964 
1424.41 433.144 1393.03 489.89 
1166.58 327.798 1170.68 363.722 
990.165 385.573 1016.15 408.963 
2051.75 1130.85 1901.84 1200.87 
633.614 705.573 714.306 727.105 
1468.49 408.672 1432.93 467.993 
793.133 839.745 908.892 879.953 
907.732 264.747 916.522 278.107 
1019.97 734.28 1112.98 773.881 
1098.93 285.932 1114.06 315.461 
2040.79 988.942 1890.27 1062.45 
817.938 748.858 931.623 780.931 
455.405 1062.18 442.799 1128.2 
813.117 445.934 926 450.375 
755.241 950.786 874.808 1003 
2047.51 891.713 1893.81 968.098 
1207.41 761.708 1275.93 810.444 
792.764 772.891 907.46 805.963 
830.109 144.609 842.104 144.195 
806.511 817.528 921.566 856.395 
718.366 885.444 839.097 928.595 
895.486 469.923 1001.04 482.831 
856.629 188.006 864.875 189.723 
1007.49 744.616 1101.98 784.431 
1742.61 804.488 1655.6 875.679 
1116.77 694.904 1197.58 736.871 
765.75 1352.39 889.478 1457.58 
1480.74 887.499 1500.54 950.604 
975.407 734.994 1073.26 772.914 
625.825 696.293 703.43 716.515 
711 1226.53 831.995 1313.86 
697.265 933.471 817.587 981.954 
929.618 262.396 938.779 278.151 
707.895 878.099 829.009 920.558 
1702.81 867.971 1624.42 938.02 
800.257 747.03 915.712 778.147 
950.59 616.961 1050.96 644.515 
1489.22 742.401 1449.38 805.602 
1577.41 842.268 1524.38 909.023 
957.11 1174.63 995.186 1252.39 
2054.28 964.159 1901.17 1038.73 
576.128 337.375 494.437 340.398 
194.117 1391.14 263.154 1522.35 
981.087 748.575 1078.61 787.643 
726.684 1382.15 853.026 1491.84 
661.561 809.423 760.696 841.972 
389.065 931.034 355.753 977.96 
1170.52 834.857 1244.59 887.026 
1205.74 573.192 1270.88 613.479 
2016.85 814.965 1867.9 893.218 
972.789 34.0161 1022.8 37.9452 
816.604 1322.39 938.193 1419.68 
919.85 50.7215 956.548 52.903 
718.317 275.575 672.556 282.06 
748.056 885.302 866.711 929.39 
1116.77 694.904 1197.58 736.871 
1577.77 862.731 1524.94 929.761 
858.224 645.05 967.9 669.586 
1041.75 1224.2 1103.83 1305.34 
2037.27 870.001 1885.18 947.112 
797.342 764.541 912.58 797.188 
1007.49 744.616 1101.98 784.431 
1703.96 862.763 1625.89 933.087 
991.567 774.787 1087.84 816.714 
1768.57 861.58 1678.02 933.055 
809.403 883.196 923.888 928.711 
1325.92 1430.2 1441.38 1522.43 
390.68 384.194 294.098 376.814 
1271.15 649.733 1327.47 697.172 
433.072 577.434 412.141 582.41 
447.599 1037.7 435.047 1099.35 
798.396 707.65 912.958 734.421 
160.172 698.865 110.745 702.688 
915.945 149.998 927.177 159.503 
713.705 1346.14 840.812 1450.34 
2095.77 1206.34 1971.19 1274.29 
1122.65 913.982 1194.92 970.483 
706.81 1329.07 834.394 1430.53 
2016.12 799.238 1867.16 878.308 
499.158 1289.19 488.01 1383.87 
752.337 382.437 705.242 398.16 
2004.54 752.183 1856.97 832.517 
1143.51 722.178 1220.54 766.124 
1889.02 716.107 1768.18 793.237 
958.64 78.6151 991.421 86.112 
1074.06 285.421 1092.89 312.176 
629.725 1192.91 720.577 1276.34 
653.099 1390.54 770.658 1504.1 
390.616 1098.39 353.953 1169.16 
978.446 274.517 1022.06 289.751 
1314.59 543.248 1301.8 594.714 
874.89 531.147 982.133 547.141 
1420.3 1221.29 1540.07 1297.17 
687.274 1246.05 809.421 1336.53 
1116.54 162.967 1135.11 189.798 
2134.52 792.134 2072.75 869.289 
536.942 393.89 447.363 397.67 
1145.45 807.099 1222.45 856.906 
1129.09 455.684 1140.72 493.621 
930.027 667.972 1033.15 697.659 
717.178 1090.03 838.699 1159.18 
1426.2 927.215 1457.32 990.054 
907.85 287.933 915.775 303.176 
898.728 279.199 905.329 292.144 
675.371 870.278 783.942 910.44 
1168.42 1046.72 1246.37 1112.96 
815.944 1386.19 935.931 1492.43 
1358.62 513.949 1342.75 566.787 
1903.98 624.327 1779.37 704.579 
312.282 863.983 275.032 899.575 
609.326 1319.03 701.651 1421.74 
753.541 834.461 871.72 872.679 
893.409 680.606 1000.29 710.168 
1610.69 899.982 1555.42 967.695 
1028.27 748.877 1120.11 789.802 
1368.58 574.626 1351.37 629.26 
702.899 1277.47 824.701 1373.37 
481.787 822.318 475.386 856.797 
711.999 279.171 664.603 285.306 
1576.64 801.316 1523.3 867.747 
318.78 1284.05 404.899 1389.11 
856.905 187.711 864.875 189.723 
898.224 279.605 905.329 292.144 
337.592 807.551 302.584 835.952 
1012.48 1196.74 1068.28 1276.22 
644.221 1088.91 738.034 1158.09 
1514.49 626.226 1468.85 689.273 
785.597 1093.52 902.843 1162.81 
1033.41 737.819 1125.51 779.503 
801.198 737.164 916.053 767.405 
1048.92 1223.98 1114.02 1305.49 
1028.27 748.877 1120.11 789.802 
397.979 435.476 301.018 433.617 
775.959 478.189 891.674 482.196 
854.109 327.217 843.955 342.455 
750.561 832.164 869.179 870.123 
2020.46 953.489 1872.87 1027.87 
775.145 355.957 736.841 370.59 
1102.01 748.975 1183.79 793.178 
1080.24 1232.17 1151.98 1314 
1095.82 342.325 1111.34 373.041 
2146.95 784.305 2084.18 862.261 
617.926 732.063 691.54 755.826 
1390.97 908.649 1428.44 970.08 
1516.83 708.003 1471.53 771.707 
808.419 495.97 921.606 504.076 
1641.03 892.934 1580.13 961.636 
738.486 1206.09 859.554 1290.11 
996.304 758.781 1092.88 800.969 
1165 419.908 1169.82 458.13 
514.241 733.03 536.749 755.414 
786.143 753.748 902.857 785.018 
1569.56 714.639 1516.46 780.343 
1892.88 778.51 1772.26 854.338 
1298.15 1361.96 1390.32 1448.94 
1904.97 752.217 1782.28 828.895 
1067.7 1010.29 1136.79 1073.04 
814.604 1398.16 933.067 1505.98 
760.053 1322.58 884.682 1421.98 
1131.21 663.437 1209.09 704.528 
968.309 118.498 994.025 129.492 
1222.7 592.852 1285.55 635.302 
924.135 614.449 1027.14 640.118 
1994.72 1144.77 1857.33 1215.84 
1143.51 722.178 1220.54 766.124 
453.69 1092.83 440.585 1163.01 
2038.99 779.001 1885.2 858.908 
825.948 749.474 938.498 782.161 
1695.48 648.617 1615.68 719.734 
768.997 1016.97 886.981 1077.02 
895.407 291.123 897.105 306.191 
507.107 403.153 419.311 406.059 
756.762 720.633 874.83 746.769 
698.445 1326.53 824.908 1428.5 
476.611 1006.82 466.252 1064.93 
694.044 1398.45 820.306 1511.66 
1927.98 709.475 1801.68 788.286 
763.277 627.623 880.708 644.647 
752.369 723.009 871.054 748.93 
339.652 980.743 300.739 1033.58 
1035.97 729.503 1126.99 769.875 
1100.17 312.559 1115.25 343.731 
500.433 972.366 491.845 1026.32 
1717.08 691.282 1633.34 762.624 
712.467 1148.42 833.991 1224.87 
986.137 363.492 1013.9 385.787 
1012.19 547.838 1099.9 574.625 
288.156 1253.85 368.913 1353.78 
79.096 689.349 19.6488 688.671 
744.814 374.224 696.956 388.939 
2039.18 959.546 1888.52 1034.06 
596.381 1363.27 681.92 1471.8 
1426.2 927.215 1457.32 990.054 
942.354 275.977 956.905 292.633 
1376.54 489.615 1357.12 543.08 
795.587 709.708 909.854 736.494 
1572.9 835.756 1520.69 902.537 
991.024 523.462 1085.66 547.472 
1154.7 760.797 1230.55 807.642 
1552.18 675.034 1501.72 740.095 
634.882 1332.19 741.838 1437.01 
500.946 949.388 492.136 1000.97 
1309.93 465.789 1297.04 515.456 
1698.07 720.544 1618.86 791.109 
196.053 1273.98 260.651 1379.9 
300.491 1010.2 255.7 1066.77 
1055.52 736.473 1143.42 777.805 
1296.87 1390.33 1389.02 1479.43 
739.855 708.225 858.813 732.334 
638.639 838.908 727.848 876.022 
576.128 337.375 494.437 340.398 
1157.8 1235.61 1238.33 1315.78 
2010.77 752.601 1861.99 832.514 
894.063 466.3 999.576 478.904 
854.123 344.282 842.91 360.768 
319.403 403.022 218.392 391.234 
1048.62 1187.82 1112.89 1265.34 
63.746 342.812 149.178 267.283 
2010.77 752.601 1861.99 832.514 
245.672 1257.89 321.596 1358.89 
1996.18 976.967 1855.33 1050.3 
1320.87 455.935 1305.73 505.993 
2047.06 850.67 1893.15 928.504 
1368.88 531.326 1351.13 585.028 
1222.93 786.069 1287.57 837.102 
669.87 1386.86 797.932 1499.39 
806.702 890.289 921.552 936.508 
2123.51 941.61 1961.4 1017.14 
2009.89 1131.88 1868.5 1202.52 
827.843 152.231 839.534 150.207 
830.481 143.735 842.104 144.195 
830.109 144.609 842.104 144.195 
1003.83 1208.45 1055.79 1288.72 
755.241 950.786 874.808 1003 
702.899 1277.47 824.701 1373.37 
2236.4 1063.46 2073.41 1134.59 
1362.98 420.239 1344.28 471.465 
688.613 1206.58 809.78 1291.42 
1318.86 494.529 1305.04 544.998 
820.176 323.689 797.988 338.078 
1376.54 489.615 1357.12 543.08 
538.332 554.383 569.561 558.321 
1166.97 992.452 1243.11 1054.94 
1355.42 795.276 1398.43 852.061 
861.968 344.319 851.378 361.455 
1352.08 1412.21 1474.87 1501.63 
427.887 564.298 405.056 567.152 
2045.86 1076.1 1895.93 1147.59 
1577.77 862.731 1524.94 929.761 
2051.75 1130.85 1901.84 1200.87 
2018.72 835.51 1869.9 913.311 
787.571 1055.58 904.474 1120.15 
1320.72 522.836 1306.86 573.826 
970.186 744.728 1068.83 782.739 
953.66 369.744 972.844 390.581 
1184.02 775.054 1255.79 824.376 
808.496 328.861 784.963 342.296 
1149.25 803.355 1225.98 853.147 
589.621 437.411 503.875 449.209 
922.235 385.276 931.805 406.064 
290.101 1249.52 370.692 1348.18 
1220.66 1025.04 1289.94 1089.74 
588.304 514.801 641.341 516.18 
1575.6 761.28 1521.85 827.455 
858.585 660.881 968.357 686.915 
309.272 713.059 274.897 727.588 
827.599 343.303 807.541 359.05 
812.663 142.199 815.013 142.819 
2026.95 868.205 1877.46 945.271 
693.154 445.983 797.06 442.448 
332.103 1290.02 420.096 1397.64 
1203.64 388.038 1204.07 428.859 
384.371 563.934 358.833 564.448 
210.02 1268.47 276.739 1372.71 
1985.8 1012.63 1847.93 1085.29 
495.67 1347.67 483.572 1454.04 
220.175 1256.32 289.508 1358.14 
678.954 1330.33 807.06 1433.43 
854.123 344.282 842.91 360.768 
2038.59 884.837 1886.5 961.42 
663.789 675.666 759.946 694.009 
961.194 1346.89 998.2 1441.35 
621.843 1280.52 709.912 1376.47 
652.04 991.312 751.6 1046.86 
292.101 1267.44 377.143 1369.79 
565.166 410.629 478.997 418.318 
2028.66 1046.97 1881.14 1119.23 
738.486 1206.09 859.554 1290.11 
641.142 886.984 730.859 929.851 
477.296 1011.75 466.959 1070.22 
1368.58 574.626 1351.37 629.26 
636.037 1044.53 726.952 1107.06 
1518.85 790.832 1474.22 855.409 
320.072 788.555 283.922 813.539 
2176.47 1190.38 2028.54 1259.34 
853.401 355.703 840.77 372.758 
636.932 405.638 561.909 417.425 
1188.99 1362.69 1265.89 1452.59 
706.736 438.681 818.508 434.143 
280.238 751.427 241.268 769.786 
982.092 1218.59 1025.77 1297.66 
742.108 956.949 861.533 1009.36 
2018.33 828.101 1869.48 906.383 
1302.22 563.878 1291.47 614.997 
881.474 357.882 878.247 376.307 
327.032 969.825 287.467 1021.64 
803.021 856.068 918.537 898.598 
661.489 810.516 760.696 841.972 
820.632 712.466 933.474 740.843 
1004.11 1208.54 1055.79 1288.72 
636.447 1184.31 731.23 1266.6 
1045.44 438.837 1067.74 469.101 
623.363 1330.8 723.252 1436.64 
763.457 1322.53 887.305 1422.09 
1192.42 435.867 1193.41 476.742 
1395.64 413.847 1373.91 470.659 
1656.98 923.905 1700.27 989.726 
2141.08 792.894 2079.42 869.866 
648.039 793.45 739.726 824.37 
1095.05 415.899 1110.4 448.771 
808.451 1323.07 929.864 1421.04 
809.526 960.176 924.622 1014.79 
1127.07 303.031 1138.14 335.852 
2052.27 1146.38 1902.43 1216.82 
626.744 1167.39 716.039 1247.95 
1207.15 327.787 1206.35 366.638 
1407.95 394.159 1383.74 449.47 
1192.12 780.458 1261.61 830.025 
966.341 76.7495 1001.96 84.6894 
983.108 1225.09 1027.97 1305.94 
828.483 338.912 808.896 354.52 
2028.66 1046.97 1881.14 1119.23 
628.932 693.63 708.24 713.177 
717.922 1033.02 838.904 1094.34 
1915.28 844.958 1792.11 920.126 
988.194 356.488 1016.12 377.609 
781.581 686.475 897.542 710.32 
617.223 708.716 714.306 727.105 
292.101 1267.44 377.143 1369.79 
2019.03 841.925 1870.44 919.577 
1025.63 1199.73 1083.3 1278.57 
1256.83 1418.27 1355.27 1510.52 
680.118 452.283 780.499 447.949 
2035.31 1166.42 1888.5 1236.2 
407.485 756.772 380.532 782.106 
1222.96 1171.34 1292.93 1245.9 
1073.34 298.344 1092.84 325.195 
704.404 398.63 648.085 412.299 
1016.15 429.147 1041.67 456.942 
612.522 700.935 684.672 721.176 
499.299 967.587 490.889 1020.06 
495.67 1347.67 483.572 1454.04 
706.922 884.633 827.794 927.258 
1107.2 914.331 1175.09 970.722 
803.021 856.068 918.537 898.598 
938.591 1172.48 968.965 1249.91 
1213.86 1028.35 1283.86 1093.23 
782.123 1382.66 905.145 1489.72 
187.948 646.902 234.062 637.656 
805.115 824.539 920.201 864.188 
1107.2 914.331 1175.09 970.722 
640.553 1335.2 750.585 1439.89 
624.001 1235.18 713.115 1324.65 
306.195 968.405 265.297 1018.7 
194.619 1399.21 264.842 1532.41 
1549.24 729.789 1499.06 795.011 
911.204 705.414 1016.57 738.168 
2051.75 914.84 1898.2 991.149 
223.269 1243.19 289.785 1342.44 
892.869 712.19 999.794 745.259 
808.796 1322.72 929.864 1421.04 
1761.86 703.162 1670.3 775.991 
777.65 743.072 894.177 772.516 
446.427 867.428 435.963 907.882 
1029.3 374.584 1052.84 400.323 
498.144 980.769 489.068 1035.93 
827.448 421.591 637.138 460.607 
2004.18 1215.94 1867.45 1285.29 
1183.45 1390.48 1262.58 1482.63 
711 1226.53 831.995 1313.86 
608.097 1342.1 697.073 1447.12 
398.087 1006.46 363.954 1064.11 
756.029 773.276 874.419 805.095 
2018.33 828.101 1869.48 906.383 
1460.95 693.223 1425.18 754.401 
2039.18 959.546 1888.52 1034.06 
1986.02 752.445 1842.46 831.869 
1193.8 599.091 1260.9 639.766 
1896.22 842.101 1775.9 916.573 
700.13 848.287 819.75 887.25 
2234.06 1227.53 2104.25 1293.85 
1572.26 661.814 1518.41 727.6 
387.18 562.333 362.122 562.933 
1073.72 565.377 1158 596.985 
1282.53 508.268 1271.81 556.817 
2029.19 896.871 1879.59 972.668 
1036.66 406.473 1059.41 434.773 
1284.81 1004.44 1343.7 1068.87 
1888.62 710.711 1768.07 788.926 
828.32 501.944 939.9 512.147 
610.78 724.18 687.457 746.314 
1298.51 990.672 1354.36 1054.63 
1509.4 803.667 1466.49 868.5 
1929.34 733.063 1803.01 811.471 
712.966 954.064 833.819 1005.99 
1100.63 745.5 1182.95 789.709 
258.136 701.388 219.587 711.867 
1204.94 428.395 1204.11 469.946 
2029.99 771.731 1877.76 851.8 
1399.91 423.704 1376.71 478.591 
646.228 428.056 573.789 441.955 
972.253 13.6515 1023.91 17.4368 
921.34 370.131 931.012 390.378 
2040.69 746.987 1886.41 828.132 
249.07 1256.65 325.865 1357.78 
2067.31 1008.76 1910.55 1081.82 
1282.53 508.268 1271.81 556.817 
1286.33 1406.11 1392.21 1497.23 
1963.4 654.988 1823.97 736.49 
2038.99 779.001 1885.2 858.908 
322.096 752.855 287.075 773.589 
715.821 1071.61 836.831 1137.82 
1195.37 1229.55 1271.88 1309.68 
302.287 816.49 257.268 847.979 
1035.53 716.815 1126.41 756.162 
2036.18 761.891 1882.78 842.754 
1068.19 751.394 1154.82 794.741 
324.062 379.07 223.982 365.283 
227.869 740.548 184.945 755.2 
2095.77 1206.34 1971.19 1274.29 
668.906 495.708 763.283 495.507 
453.518 776.567 445.852 804.367 
978.686 1217.03 1021.51 1298.48 
1941.19 655.591 1809.79 735.856 
1346.57 414.632 1331.36 465.429 
738.299 1129.35 858.402 1203.08 
1427.65 643.451 1397.04 702.134 
629.656 1153.63 719.628 1231.78 
717.711 455.205 834.576 452.428 
2096.27 1216.14 1971.17 1284.07 
402.181 903.261 370.553 946.635 
298.532 1267.35 384.073 1370.41 
696.469 1186.82 817.806 1268.86 
838.809 203.306 830.286 210.533 
2026.71 761.156 1875.09 841.511 
644.393 998.07 739.406 1054.87 
221.061 1269.83 292.186 1373.95 
1408.88 522.262 1309.47 588.352 
1132.89 686.729 1210.8 728.869 
708.128 1406.29 834.128 1520.58 
807.033 1023.75 922.643 1084.36 
1656.98 923.905 1700.27 989.726 
1492.9 1222.01 1595.55 1296.14 
1001.81 765.887 1097.15 808.009 
971.576 731.858 1069.78 769.514 
1315.83 1364.05 1412.16 1450.71 
1192.83 1052.99 1266.44 1119.48 
2206.88 1063.5 2054.45 1135.05 
825.948 749.474 938.498 782.161 
632.636 1031.43 721.609 1092.76 
774.577 762.837 891.269 794.351 
693.154 445.983 797.06 442.448 
2029.65 896.865 1879.59 972.668 
2025.43 988.219 1877.27 1061.83 
1209.72 584.765 1277.44 628.716 
733.483 1245.59 853.509 1335.08 
958.185 1347.84 994.561 1441.3 
683.697 556.036 786.225 562.069 
642.267 1376 754.979 1485.34 
771.66 797.105 888.494 832.121 
881.474 357.882 878.247 376.307 
303.887 954.144 262.162 1002 
403.651 768.084 374.29 794.37 
1204.9 1381.69 1280.52 1472.59 
499.816 978.176 491.043 1032.68 
541.082 729.324 575.941 752.546 
1521.84 1220.61 1616.83 1294.46 
1319.22 1365.92 1440.49 1453.45 
821.634 748.962 934.458 780.86 
628.641 667.985 707.807 685.512 
1349.22 380.733 1334.68 431.663 
377.62 841.567 344.741 875.991 
649.937 1146.26 750.808 1222.99 
549.983 539.672 590.437 540.562 
707.372 1167.72 829.084 1247.05 
306.681 924.078 267.115 968.093 
799.994 812.033 915.241 849.343 
979.657 246.109 1022.57 260.352 
2033.29 800.688 1880.8 879.906 
1267.81 821.615 1326.72 876.477 
194.078 694.66 148.357 700.448 
721.966 1014.15 842.589 1073.21 
1488.11 674.762 1447.25 736.815 
792.435 1022.25 908.361 1081.78 
751.378 883.32 869.65 927.532 
868.872 318.716 862.96 334.292 
610.361 649.364 678.836 664.212 
1030.81 741.296 1122.34 782.633 
212.223 1270.61 280.441 1375.69 
538.656 403.027 452.197 408.344 
722.969 938.101 843.494 988.08 
1873.44 741.315 1756.95 817.54 
292.302 998.695 243.852 1053.45 
927.901 198.059 967.986 207.707 
1240.77 612.146 1301.43 656.647 
876.167 666.656 984.094 694.217 
2045.86 1076.1 1895.93 1147.59 
1059.32 618.343 1146.96 652.969 
428.532 589.605 404.618 595.643 
128.841 273.767 620.94 127.448 
217.34 1248 283.148 1347.51 
505.339 388.846 418.574 390.792 
628.646 1105.33 717.925 1175.8 
2001.89 838.532 1856.91 915.77 
1014.74 102.922 1048.45 116.39 
654.177 672.166 742.48 691.289 
916.311 270.195 926.189 285.008 
2150.98 789.508 2088.36 866.651 
428.844 634.231 408.142 644.656 
2003.65 1039.99 1862.46 1112.21 
2040.26 927.009 1888.98 1002.35 
518.568 153.56 642.589 102.973 
650.37 1091.91 751.348 1161.1 
1527.24 1079.9 1616.86 1147.59 
1295.77 1363.9 1387.28 1451.75 
1386.74 461.201 1365.66 515.475 
648.923 639.896 737.5 653.854 
2054.31 970.004 1901.5 1044.74 
2044.92 1061.65 1895.11 1133.56 
911.952 283.797 921.451 299.548 
646.261 829.238 737.246 864.568 
662.639 923.961 763.6 971.009 
842.772 317.462 827.386 332.084 
393.892 887.46 361.497 928.45 
448.425 830.496 438.835 864.833 
782.691 1167.95 900.13 1246.28 
1458.09 526.5 1420.67 585.913 
1027.3 368.55 1053.37 395.124 
280.908 1312.64 365.459 1424.29 
238.011 1270.02 312.532 1373.92 
706.736 438.681 818.508 434.143 
1722.27 835.187 1639.89 905.846 
1317.42 471.623 1304.18 521.906 
820.067 1388.46 940.141 1495.97 
1211.52 835.341 1279.45 888.922 
1937.34 856.672 1811.82 932.482 
953.66 369.744 972.844 390.581 
1339.52 1312.58 1411.08 1394.86 
2021.85 929.564 1873.55 1004.65 
1088.03 1153.16 1159.09 1227.37 
632.174 910.33 721.328 956.266 
1020.14 1207.44 1077.4 1287.22 
2050.34 886.599 1896.74 963.467 
720.335 449.313 838.888 445.8 
1225.13 828.904 1290.7 882.44 
1570.58 969.113 1563.63 1035.99 
1930.27 748.141 1804.16 825.845 
943.322 1178 973.958 1256.22 
2015.76 792.232 1866.71 871.029 
2143.09 1304.08 2051.56 1369.7 
2216.78 1210.61 2089.58 1277.24 
1297.14 1427.36 1405.76 1519.85 
1936.01 833.323 1810.09 909.324 
421.451 570.949 399.542 574.372 
286.988 1267.27 371.619 1368.85 
1180.55 443.15 1182.17 483.065 
733.375 1147.98 853.507 1224.47 
1320.93 466.536 1307.42 517.265 
815.382 835.949 929.584 876.805 
2003.98 690.441 1854.94 772.301 
1346.4 736.944 1390.02 791.05 
2040.25 819.954 1887.12 898.989 
1695.48 648.617 1615.68 719.734 
1031.69 756.734 1123.33 798.12 
801.343 384.926 773.953 402.209 
540.836 547.434 572.609 550.748 
536.439 605.272 568.366 613.806 
318.78 1284.05 404.899 1389.11 
309.772 1296.16 396.779 1404.45 
1963.4 654.988 1823.97 736.49 
660.49 886.415 761.999 928.581 
971.777 697.887 1070.43 732.806 
2145.48 744.408 1950.44 832.517 
1256.19 692.637 1314.64 740.595 
588.304 514.801 641.341 516.18 
923.228 243.236 933.099 257.154 
655.99 997.031 757.473 1053.5 
1283 664.978 1336.88 713.507 
668.409 565.92 764.256 572.965 
142.476 1318.57 192.143 1435.52 
756.276 251.991 723.112 258.458 
1023.61 540.358 1113.08 567.934 
278.395 708.017 241.857 720.31 
1935.19 653.104 1805.64 733.169 
852.988 313.74 843.493 327.571 
724.839 230.727 692.413 233.131 
629.953 724.96 708.916 749.002 
1579.33 924.78 1527.33 992.777 
682.393 1013.19 797.506 1071.97 
2039.25 752.937 1885.35 834.221 
1765.15 790.438 1674.53 862.451 
1046.54 388.173 1068.79 416.249 
1982.19 951.188 1843.98 1025.12 
2029.11 451.616 2242.57 516.937 
2143.55 746.65 1948.29 834.625 
796.408 837.031 911.761 877.144 
306.195 968.405 265.297 1018.7 
239.489 1248.97 311.396 1347.87 
760.951 223.018 733.833 227.866 
2030.64 817.114 1878.98 895.547 
828.32 501.944 939.9 512.147 
854.533 344.18 842.91 360.768 
2216.88 1063.29 2054.45 1135.05 
875.327 711.026 983.105 741.908 
820.371 1394.4 940.921 1501.56 
625.712 707.438 714.306 727.105 
945.235 374.524 960.331 396.315 
1405.56 1405.53 1532.29 1493.37 
722.467 920.968 842.87 968.325 
542.134 484.976 452.086 497.452 
830.481 143.735 842.104 144.195 
1978.66 890.575 1840.36 966.307 
1912.65 762.462 1788.56 839.697 
390.053 381.873 293.501 373.891 
783.187 1315.53 902.356 1413.02 
2038.41 945.133 1887.73 1020.03 
731.934 1284.67 852.317 1379.54 
762.635 1110.82 880.991 1182.18 
625.972 1179.79 715.015 1260.92 
688.646 1187.03 810.676 1269.19 
636.932 405.638 561.909 417.425 
265.735 1300.58 348.873 1410.63 
217.027 1267.88 285.295 1371.22 
541.906 121.371 748.363 53.9246 
1231.29 1356.06 1307.37 1444.54 
200.96 1251.8 261.905 1352.71 
2039.95 913.164 1888.22 989.074 
2019.03 841.925 1870.44 919.577 
1764.91 773.074 1673.63 845.057 
260.415 1235.24 333.964 1331.73 
635.755 499.169 714.411 499.087 
1158.25 994.367 1235.31 1056.7 
1572.26 661.814 1518.41 727.6 
625.414 1197.86 714.89 1281.78 
679.002 1316.87 798.93 1417.85 
1149.67 787.798 1225.96 836.599 
1488.76 879.075 1506.85 942.56 
1982.19 951.188 1843.98 1025.12 
1237.54 967.177 1302.95 1028.97 
789.015 543.327 904.297 554.276 
1911.22 1168.52 1888.5 1236.2 
682.578 814.506 791.181 848.67 
578.534 450.555 492.068 462.872 
204.97 1226.72 259.785 1321.66 
477.75 669.439 479.422 685.377 
794.329 707.054 909.532 733.621 
938.365 266.549 951.68 282.277 
931.008 278.646 942.536 294.787 
780.57 1317.74 900.468 1416.24 
196.385 1286.6 262.074 1393.78 
1577.92 822.212 1524.79 888.921 
686.737 1318.97 808.581 1420.4 
2036.38 991.297 1886.43 1065.1 
807.856 655.422 920.955 677.46 
1470.1 752.73 1433.33 815.414 
982.436 392.701 1010.56 415.565 
1074.01 744.525 1159.29 787.336 
681.028 754.557 788.867 781.887 
1317.42 471.623 1304.18 521.906 
453.69 1092.83 440.585 1163.01 
693.402 772.125 807.627 801.286 
1418.93 1227.54 1539.39 1303.07 
958.185 1347.84 994.561 1441.3 
963.23 670.154 1062.31 702.458 
1510.88 1097.29 1605.11 1165.76 
1113.42 529.899 1191.65 563.028 
1911.61 766.582 1787.32 843.085 
2041.51 1003.48 1891.13 1076.65 
732.047 565.732 849.963 574.09 
279.92 1325.95 364.347 1440.68 
2036.92 916.401 1885.68 992.055 
1575.33 897.7 1523.36 964.884 
714.261 884.976 834.91 927.8 
2034.82 887.561 1883.78 963.964 
1060.89 734.495 1147.9 776.298 
1063.35 286.037 1084.27 311.837 
1891.24 506.406 2013.25 574.116 
2236.4 1063.46 2041.19 1135.35 
538.656 403.027 452.197 408.344 
1055.92 760.256 1144.21 803.089 
1761.32 686.059 1669.59 759.102 
1947.93 761.18 1817.18 838.824 
1575.6 761.28 1521.85 827.455 
678.134 1226.02 794.053 1313.49 
1439.75 607.531 1406.41 667.082 
1165.29 670.541 1238.08 714.09 
831.021 357.701 811.853 374.562 
764.565 60.0293 408.153 111.008 
2216.78 1210.61 2089.58 1277.24 
2023.08 811.172 1873.26 889.932 
305.149 990.413 263.322 1044.16 
1661.73 943.303 1712.29 1008.63 
423.564 615.571 399.121 624.409 
810.994 949.619 925.912 1002.62 
1945.58 1016.69 1820.85 1089.14 
651.184 1206.88 753.289 1291.97 
187.948 693.474 141.961 698.992 
537.404 589.087 568.954 596.827 
1978.66 890.575 1840.36 966.307 
806.03 956.1 921.17 1009.57 
1987.81 806.126 1845.36 883.944 
1910.85 501.834 2032.77 571.098 
1377.06 1069.2 1423.47 1137.63 
2042.53 1018.1 1892.25 1091.22 
