1717
168.195 690.916 120.204 694.871 
1037.08 1221.52 1098.71 1302.53 
1164.49 755.767 1241.01 806.611 
2147.9 1250.03 2023.49 1316.5 
428.947 441.472 373.109 455.951 
1039.07 1226.67 1101.26 1308.11 
587.618 342.384 505.527 346.828 
910.288 718.472 1014.87 751.823 
1063.07 740.023 1150.82 781.99 
1290.65 367.417 1279.73 413.673 
981 1339.65 1017.78 1432.9 
509.968 322.018 426.978 318.932 
129.984 734.952 75.7956 743.637 
703.955 1280.61 825.682 1375.6 
109.156 709.005 53.0642 712.038 
109.156 709.005 53.0642 712.038 
991.647 734.934 1087.81 772.115 
708.815 1266.14 830.264 1358.77 
1336.31 373.954 1319.94 424.016 
314.428 807.006 276.862 835.01 
1118.68 825.683 1192.76 874.887 
1033.53 1231.11 1094.69 1312.84 
2142.71 1249.73 2018.5 1316.32 
713.595 874.444 834.336 916.429 
980.831 114.472 1010.42 125.607 
880.573 705.041 988.543 736.123 
495.131 988.663 485.769 1044.82 
644.112 324.036 575.923 330.108 
1290.65 367.417 1279.73 413.673 
576.786 444.021 490.237 455.469 
1212.31 805.855 1280.11 857.434 
323.07 759.138 287.881 780.36 
723.269 473.468 841.267 511.727 
947.421 716.546 1048.46 751.797 
587.618 342.384 505.527 346.828 
1044.94 743.152 1135.16 783.7 
468.783 991.597 458.023 1047.3 
322.997 741.286 288.56 761.405 
1100.61 1232.56 1171.02 1313.55 
2150.62 1249.61 2026.12 1315.67 
776.9 1390.18 898.883 1498.23 
1204.89 1376.91 1279.86 1467.53 
456.124 1015.37 444.558 1074.45 
1076.76 741.852 1162.6 784.824 
1146.46 903.508 1219.26 954.494 
1048.06 1208.81 1111.3 1287.33 
708.815 1266.14 830.264 1358.77 
1002.31 754.508 1097.48 795.553 
649.13 748.066 738.175 774.706 
1065.13 306.774 1083.31 332.369 
928.271 724.426 1031.57 759.081 
226.232 744.835 183.125 759.73 
489.564 972.008 480.501 1025.56 
865.379 701.1 974.629 730.93 
971.777 697.887 1070.43 732.806 
711.999 279.171 664.603 285.306 
1336.31 373.954 1319.94 424.016 
1198.76 1248.67 1275.28 1328.48 
886.097 152.897 898.328 160.098 
884.68 93.4501 815.013 142.819 
782.123 1382.66 905.145 1489.72 
983.572 763.645 1080.66 803.826 
2150.62 1249.61 2026.12 1315.67 
624.23 1288.77 712.292 1387.13 
1020.69 116.757 1049.6 132.462 
794.292 873.542 910.201 917.468 
611.78 429.99 527.537 443.12 
320.329 684.346 287.393 695.627 
1206.38 822.15 1274.66 874.344 
809.739 810.89 923.966 848.719 
735.118 231.683 705.157 234.551 
731.076 861.685 850.881 902.744 
877.686 313.93 875.144 329.204 
2175.61 1246.47 2050.21 1312.83 
813.81 807.342 927.918 844.883 
1119.77 913.02 1191.04 969.061 
1065.13 306.774 1083.31 332.369 
1520.91 784.927 1476.38 849.914 
1380.23 421.875 1360.07 474.951 
1339.75 353.242 1323.29 403.007 
1128.35 912.5 1201.48 968.895 
1016.19 1192.14 1071.6 1270.79 
735.28 879.59 854.674 923.133 
969.81 312.719 1010.71 324.857 
919.809 722.266 1023.67 757.048 
973.401 1351.98 1009.64 1444.28 
706.382 952.046 827.362 1003.46 
1211.52 835.341 1279.45 888.922 
736.014 881.85 855.498 925.414 
1119.91 905.154 1191.12 961.728 
783.374 868.272 900.177 911.464 
1488.14 676.467 1447.1 738.436 
343.875 990.721 306.64 1045.09 
1133.46 713.82 1211.74 757.578 
886.097 152.897 898.328 160.098 
478.227 1050.81 466.911 1114.88 
1351.88 415.619 1336.1 466.847 
902.837 163.132 911.22 172.418 
1064.32 1008.02 1134.15 1071.15 
1549.57 781.352 1499.81 847.229 
909.042 278.426 917.413 292.488 
679.28 561.655 779.773 568.422 
711.822 863.727 831.418 904.005 
1211.52 835.341 1279.45 888.922 
483.382 971.172 473.815 1024.69 
972.253 13.6515 1023.91 17.4368 
1026.48 532.614 1115.58 558.964 
805.173 1355.14 927.111 1457.34 
483.517 992.848 473.115 1049.23 
2032.19 1105.95 1884.92 1176.81 
1739.89 733.329 1651.99 804.945 
1994.68 1145.05 1857.33 1215.84 
780.104 921.977 897.349 971.377 
1149.25 803.355 1225.98 853.147 
496.408 992.207 487.21 1048.9 
1025.53 757.364 1117.98 798.794 
1338.83 1325.53 1424.73 1408.87 
532.952 435.106 439.865 443.136 
449.403 1044.95 437.1 1108.15 
993.275 757.586 1089.42 798.216 
2031.34 793.965 1879.05 873.229 
772.92 1331.77 897.067 1432.2 
644.112 324.036 575.923 330.108 
596.722 1382.04 681.576 1494.54 
719.738 858.95 840.086 899.69 
1170.92 428.637 1175.87 468.16 
756.578 937.812 874.884 988.524 
1346.68 1431.31 1467.51 1522.97 
1334.86 412.703 1318.31 462.945 
504.163 438.194 412.404 444.729 
1212.31 805.855 1280.11 857.434 
184.104 693.353 138.169 698.567 
1166.58 327.798 1170.68 363.722 
1015.42 1210.2 1071.03 1290.58 
881.821 95.5029 815.013 142.819 
483.937 779.08 484.952 807.774 
775.959 478.189 891.674 482.196 
312.049 1002.16 270.766 1057.78 
726.669 1382.39 853.026 1491.84 
723.269 473.468 841.267 511.727 
380.498 564.001 354.918 564.058 
461.421 525.541 364.84 535.943 
1206.38 822.15 1274.66 874.344 
1074.06 285.421 1092.89 312.176 
426.198 573.655 402.867 577.702 
953.251 737.044 1053.31 774.77 
1327.89 370.733 1312.21 419.608 
855.718 734.745 966.144 765.344 
460.617 1048.18 449.35 1111.84 
644.098 752.609 733.185 779.07 
925.753 257.055 935.273 272.203 
322.997 741.286 288.56 761.405 
1037.42 1189.59 1098.12 1267.92 
1359.29 539.347 1343.77 592.886 
91.0941 687.3 33.3656 686.293 
735.28 879.59 854.674 923.133 
802.502 731.638 917.634 761.164 
634.882 1332.19 741.838 1437.01 
726.179 438.088 841.267 511.727 
487.39 420.99 390.927 422.985 
729.632 900.142 849.428 945.388 
2039.07 798.491 1885.66 877.926 
530.886 438.679 437.794 446.531 
384.918 555 359.866 554.182 
703.056 394.629 646.669 408.096 
710.291 839.701 831.163 877.005 
769.389 171.301 815.013 142.819 
1018.33 768.246 1111.52 812.29 
1234.12 1350.63 1309.3 1437.63 
1217.78 1375.83 1290.69 1465.93 
481.183 1018.99 471.177 1078.81 
2096.27 1216.14 1971.17 1284.07 
1382.12 427.723 1361.93 481.316 
1316.4 405.423 1302.36 454.266 
628.672 1308.05 720.069 1408.27 
1088.5 743.341 1172.52 786.836 
296.5 970.35 250.256 1020.91 
390.68 384.194 294.098 376.814 
799.442 189.787 705.157 234.551 
1380.23 421.875 1360.07 474.951 
965.782 1224.75 1006.5 1306.63 
291.141 824.369 257.268 847.979 
548.078 427.652 458.655 436.066 
915.945 149.998 927.177 159.503 
1049.92 759.967 1139.17 803.021 
829.182 704.765 941.315 732.832 
2140.58 1253.55 2016.57 1320.27 
738.829 1091.37 859.13 1160.46 
817.938 748.858 931.623 780.931 
1320.64 568.512 1307.07 620.728 
942.485 754.496 1044.84 790.498 
531.942 480.95 437.575 491.324 
754.341 657.576 871.841 676.874 
725.476 863.994 845.176 904.913 
2054.31 970.004 1901.5 1044.74 
364.042 972.971 327.949 1025.5 
642.888 835.919 732.794 872.038 
754.7 1303.14 873.926 1399.89 
732.043 881.387 851.535 924.794 
311.948 768.522 277.044 789.519 
318.298 826.126 281.948 856.304 
852.289 603.078 962.644 623.754 
693.384 403.396 634.792 417.092 
478.599 569.664 481.664 573.823 
796.617 1324.89 918.961 1423.07 
1199.03 822.836 1268.69 875.496 
1145.45 807.099 1222.45 856.906 
321.924 774.134 286.519 797.315 
1186.88 1013.62 1260.02 1077.29 
835.985 353.006 818.979 369.255 
460.51 1013.39 449.055 1072.41 
675.775 272.543 702.04 238.324 
670.984 545.011 766.784 550.089 
979.127 734.763 1076.72 772.819 
716.175 896.695 836.819 941.608 
348.678 977.433 311.045 1029.94 
1163.08 1026.35 1240.81 1090.96 
755.81 945.485 874.36 996.188 
931.903 249.535 942.514 264.786 
530.886 438.679 437.794 446.531 
906.339 155.245 915.391 163.913 
1069.63 346.723 1088.44 374.563 
749.279 868.832 868.111 910.681 
706.811 386.847 651.975 400.057 
942.956 326.359 957.995 345.328 
604.918 162.764 788.821 112.81 
655.403 320.444 589.415 327.445 
664.755 789.113 760.579 821.287 
487.57 383.676 399.566 382.964 
1424.41 433.144 1393.03 489.89 
1166.58 327.798 1170.68 363.722 
990.165 385.573 1016.15 408.963 
2051.75 1130.85 1901.84 1200.87 
633.614 705.573 714.306 727.105 
1468.49 408.672 1432.93 467.993 
793.133 839.745 908.892 879.953 
907.732 264.747 916.522 278.107 
1019.97 734.28 1112.98 773.881 
1098.93 285.932 1114.06 315.461 
2040.79 988.942 1890.27 1062.45 
817.938 748.858 931.623 780.931 
1741.7 587.885 1808.47 660.909 
455.405 1062.18 442.799 1128.2 
813.117 445.934 926 450.375 
755.241 950.786 874.808 1003 
2047.51 891.713 1893.81 968.098 
1207.41 761.708 1275.93 810.444 
792.764 772.891 907.46 805.963 
418.818 259.893 335.047 140.624 
830.109 144.609 842.104 144.195 
806.511 817.528 921.566 856.395 
718.366 885.444 839.097 928.595 
895.486 469.923 1001.04 482.831 
856.629 188.006 864.875 189.723 
1007.49 744.616 1101.98 784.431 
1742.61 804.488 1655.6 875.679 
1116.77 694.904 1197.58 736.871 
765.75 1352.39 889.478 1457.58 
1480.74 887.499 1500.54 950.604 
975.407 734.994 1073.26 772.914 
625.825 696.293 703.43 716.515 
828.861 300.77 959.643 250.719 
711 1226.53 831.995 1313.86 
697.265 933.471 817.587 981.954 
929.618 262.396 938.779 278.151 
707.895 878.099 829.009 920.558 
1702.81 867.971 1624.42 938.02 
800.257 747.03 915.712 778.147 
950.59 616.961 1050.96 644.515 
469.393 418.726 376.335 422.058 
1489.22 742.401 1449.38 805.602 
1577.41 842.268 1524.38 909.023 
957.11 1174.63 995.186 1252.39 
2054.28 964.159 1901.17 1038.73 
576.128 337.375 494.437 340.398 
194.117 1391.14 263.154 1522.35 
981.087 748.575 1078.61 787.643 
726.684 1382.15 853.026 1491.84 
661.561 809.423 760.696 841.972 
389.065 931.034 355.753 977.96 
1170.52 834.857 1244.59 887.026 
1205.74 573.192 1270.88 613.479 
2016.85 814.965 1867.9 893.218 
972.789 34.0161 1022.8 37.9452 
1272.91 1148.08 579.173 811.349 
816.604 1322.39 938.193 1419.68 
919.85 50.7215 956.548 52.903 
718.317 275.575 672.556 282.06 
748.056 885.302 866.711 929.39 
1116.77 694.904 1197.58 736.871 
1577.77 862.731 1524.94 929.761 
858.224 645.05 967.9 669.586 
1041.75 1224.2 1103.83 1305.34 
2266.29 1097.32 972.095 4.87611 
2037.27 870.001 1885.18 947.112 
797.342 764.541 912.58 797.188 
1007.49 744.616 1101.98 784.431 
1703.96 862.763 1625.89 933.087 
991.567 774.787 1087.84 816.714 
1309.18 1355.51 1422.45 1422.93 
1768.57 861.58 1678.02 933.055 
809.403 883.196 923.888 928.711 
1325.92 1430.2 1441.38 1522.43 
390.68 384.194 294.098 376.814 
1271.15 649.733 1327.47 697.172 
433.072 577.434 412.141 582.41 
447.599 1037.7 435.047 1099.35 
798.396 707.65 912.958 734.421 
1206.49 205.146 1135.11 189.798 
160.172 698.865 110.745 702.688 
915.945 149.998 927.177 159.503 
713.705 1346.14 840.812 1450.34 
640.287 232.54 581.143 235.531 
2095.77 1206.34 1971.19 1274.29 
656.885 299.359 828.538 191.065 
1122.65 913.982 1194.92 970.483 
706.81 1329.07 834.394 1430.53 
2016.12 799.238 1867.16 878.308 
499.158 1289.19 488.01 1383.87 
752.337 382.437 705.242 398.16 
2004.54 752.183 1856.97 832.517 
1832.39 1243.35 1848.94 1301.72 
1143.51 722.178 1220.54 766.124 
1889.02 716.107 1768.18 793.237 
958.64 78.6151 991.421 86.112 
1074.06 285.421 1092.89 312.176 
629.725 1192.91 720.577 1276.34 
653.099 1390.54 770.658 1504.1 
390.616 1098.39 353.953 1169.16 
978.446 274.517 1022.06 289.751 
1314.59 543.248 1301.8 594.714 
874.89 531.147 982.133 547.141 
1420.3 1221.29 1540.07 1297.17 
687.274 1246.05 809.421 1336.53 
1116.54 162.967 1135.11 189.798 
2134.52 792.134 2072.75 869.289 
536.942 393.89 447.363 397.67 
1145.45 807.099 1222.45 856.906 
1129.09 455.684 1140.72 493.621 
930.027 667.972 1033.15 697.659 
717.178 1090.03 838.699 1159.18 
1426.2 927.215 1457.32 990.054 
2038.22 898.173 1893 1059.11 
907.85 287.933 915.775 303.176 
898.728 279.199 905.329 292.144 
675.371 870.278 783.942 910.44 
1168.42 1046.72 1246.37 1112.96 
815.944 1386.19 935.931 1492.43 
1358.62 513.949 1342.75 566.787 
1903.98 624.327 1779.37 704.579 
848.657 444.495 984.841 464.298 
312.282 863.983 275.032 899.575 
609.326 1319.03 701.651 1421.74 
753.541 834.461 871.72 872.679 
893.409 680.606 1000.29 710.168 
1610.69 899.982 1555.42 967.695 
1028.27 748.877 1120.11 789.802 
1368.58 574.626 1351.37 629.26 
697.802 289.285 575.923 330.108 
702.899 1277.47 824.701 1373.37 
481.787 822.318 475.386 856.797 
711.999 279.171 664.603 285.306 
1576.64 801.316 1523.3 867.747 
318.78 1284.05 404.899 1389.11 
1436.7 1203.36 1540.07 1297.17 
856.905 187.711 864.875 189.723 
898.224 279.605 905.329 292.144 
337.592 807.551 302.584 835.952 
1012.48 1196.74 1068.28 1276.22 
955.703 922.28 1049.37 969.583 
644.221 1088.91 738.034 1158.09 
1514.49 626.226 1468.85 689.273 
785.597 1093.52 902.843 1162.81 
712.357 674.247 841.267 511.727 
1033.41 737.819 1125.51 779.503 
2183.73 752.388 2117.32 831.019 
801.198 737.164 916.053 767.405 
1048.92 1223.98 1114.02 1305.49 
1028.27 748.877 1120.11 789.802 
397.979 435.476 301.018 433.617 
775.959 478.189 891.674 482.196 
938.332 464.499 945.626 439.05 
854.109 327.217 843.955 342.455 
750.561 832.164 869.179 870.123 
2020.46 953.489 1872.87 1027.87 
775.145 355.957 736.841 370.59 
1102.01 748.975 1183.79 793.178 
712.357 674.247 841.267 511.727 
1159.47 536.83 1211.4 564.298 
1080.24 1232.17 1151.98 1314 
1095.82 342.325 1111.34 373.041 
2146.95 784.305 2084.18 862.261 
617.926 732.063 691.54 755.826 
1390.97 908.649 1428.44 970.08 
469.393 418.726 376.335 422.058 
865.228 280.43 959.643 250.719 
1516.83 708.003 1471.53 771.707 
808.419 495.97 921.606 504.076 
1641.03 892.934 1580.13 961.636 
2159.1 796.602 2095.72 873.255 
738.486 1206.09 859.554 1290.11 
996.304 758.781 1092.88 800.969 
1165 419.908 1169.82 458.13 
616.54 249.398 581.143 235.531 
514.241 733.03 536.749 755.414 
786.143 753.748 902.857 785.018 
1569.56 714.639 1516.46 780.343 
852.659 436.987 990.074 458.526 
1892.88 778.51 1772.26 854.338 
1298.15 1361.96 1390.32 1448.94 
1904.97 752.217 1782.28 828.895 
2168.95 792.467 2104.83 869.748 
1067.7 1010.29 1136.79 1073.04 
814.604 1398.16 933.067 1505.98 
760.053 1322.58 884.682 1421.98 
1131.21 663.437 1209.09 704.528 
968.309 118.498 994.025 129.492 
1222.7 592.852 1285.55 635.302 
924.135 614.449 1027.14 640.118 
1994.72 1144.77 1857.33 1215.84 
1143.51 722.178 1220.54 766.124 
453.69 1092.83 440.585 1163.01 
2038.99 779.001 1885.2 858.908 
1160.42 1218.7 1190.43 990.082 
825.948 749.474 938.498 782.161 
1695.48 648.617 1615.68 719.734 
768.997 1016.97 886.981 1077.02 
895.407 291.123 897.105 306.191 
507.107 403.153 419.311 406.059 
756.762 720.633 874.83 746.769 
990.787 175.567 1018.68 184.274 
698.445 1326.53 824.908 1428.5 
476.611 1006.82 466.252 1064.93 
694.044 1398.45 820.306 1511.66 
1927.98 709.475 1801.68 788.286 
763.277 627.623 880.708 644.647 
752.369 723.009 871.054 748.93 
339.652 980.743 300.739 1033.58 
1035.97 729.503 1126.99 769.875 
1100.17 312.559 1115.25 343.731 
500.433 972.366 491.845 1026.32 
1717.08 691.282 1633.34 762.624 
668.288 100.257 867.549 51.6013 
712.467 1148.42 833.991 1224.87 
986.137 363.492 1013.9 385.787 
1012.19 547.838 1099.9 574.625 
288.156 1253.85 368.913 1353.78 
79.096 689.349 19.6488 688.671 
744.814 374.224 696.956 388.939 
2039.18 959.546 1888.52 1034.06 
596.381 1363.27 681.92 1471.8 
1633.77 1154.96 1186.68 1282.36 
784.192 161.375 815.013 142.819 
1426.2 927.215 1457.32 990.054 
942.354 275.977 956.905 292.633 
1288.11 243.316 1135.11 189.798 
1288.11 243.316 1135.11 189.798 
1376.54 489.615 1357.12 543.08 
795.587 709.708 909.854 736.494 
1572.9 835.756 1520.69 902.537 
991.024 523.462 1085.66 547.472 
599.554 1403.67 688.284 1526.04 
1154.7 760.797 1230.55 807.642 
1552.18 675.034 1501.72 740.095 
952.946 403.469 506.238 442.21 
634.882 1332.19 741.838 1437.01 
500.946 949.388 492.136 1000.97 
1309.93 465.789 1297.04 515.456 
1698.07 720.544 1618.86 791.109 
1292.65 1147.03 1441.04 1116.97 
196.053 1273.98 260.651 1379.9 
300.491 1010.2 255.7 1066.77 
1055.52 736.473 1143.42 777.805 
1296.87 1390.33 1389.02 1479.43 
739.855 708.225 858.813 732.334 
638.639 838.908 727.848 876.022 
576.128 337.375 494.437 340.398 
1157.8 1235.61 1238.33 1315.78 
1996.67 776.476 1835.75 903.71 
2010.77 752.601 1861.99 832.514 
894.063 466.3 999.576 478.904 
854.123 344.282 842.91 360.768 
319.403 403.022 218.392 391.234 
1048.62 1187.82 1112.89 1265.34 
63.746 342.812 149.178 267.283 
2010.77 752.601 1861.99 832.514 
245.672 1257.89 321.596 1358.89 
1996.18 976.967 1855.33 1050.3 
391.374 1001.87 354.771 1063.21 
1320.87 455.935 1305.73 505.993 
2047.06 850.67 1893.15 928.504 
1368.88 531.326 1351.13 585.028 
1222.93 786.069 1287.57 837.102 
669.87 1386.86 797.932 1499.39 
806.702 890.289 921.552 936.508 
2123.51 941.61 1961.4 1017.14 
2097.37 1267.45 1830.19 1379.24 
2009.89 1131.88 1868.5 1202.52 
827.843 152.231 839.534 150.207 
386.645 387.83 289.955 381.615 
830.481 143.735 842.104 144.195 
830.109 144.609 842.104 144.195 
1003.83 1208.45 1055.79 1288.72 
755.241 950.786 874.808 1003 
920.109 394.698 568.954 596.827 
702.899 1277.47 824.701 1373.37 
2236.4 1063.46 2073.41 1134.59 
1140.78 301.156 1153.78 337.081 
1362.98 420.239 1344.28 471.465 
577.042 286.033 505.664 285.563 
688.613 1206.58 809.78 1291.42 
625.66 116.885 210.183 25.701 
1318.86 494.529 1305.04 544.998 
820.176 323.689 797.988 338.078 
563.483 128.994 468.856 135.159 
1376.54 489.615 1357.12 543.08 
538.332 554.383 569.561 558.321 
1166.97 992.452 1243.11 1054.94 
1355.42 795.276 1398.43 852.061 
861.968 344.319 851.378 361.455 
1352.08 1412.21 1474.87 1501.63 
427.887 564.298 405.056 567.152 
2245.64 10.9675 474.046 126.559 
175.308 32.76 760.728 84.1882 
2045.86 1076.1 1895.93 1147.59 
1577.77 862.731 1524.94 929.761 
2051.75 1130.85 1901.84 1200.87 
2018.72 835.51 1869.9 913.311 
203.624 526.7 1753.63 972.42 
787.571 1055.58 904.474 1120.15 
1320.72 522.836 1306.86 573.826 
970.186 744.728 1068.83 782.739 
953.66 369.744 972.844 390.581 
2018.41 982.387 1868.32 998.334 
1184.02 775.054 1255.79 824.376 
808.496 328.861 784.963 342.296 
1149.25 803.355 1225.98 853.147 
589.621 437.411 503.875 449.209 
922.235 385.276 931.805 406.064 
290.101 1249.52 370.692 1348.18 
1220.66 1025.04 1289.94 1089.74 
588.304 514.801 641.341 516.18 
1391.99 1219.98 2155.72 1181.52 
1575.6 761.28 1521.85 827.455 
858.585 660.881 968.357 686.915 
309.272 713.059 274.897 727.588 
827.599 343.303 807.541 359.05 
812.663 142.199 815.013 142.819 
2026.95 868.205 1877.46 945.271 
2078.68 1097.88 1924.44 1224.82 
693.154 445.983 797.06 442.448 
332.103 1290.02 420.096 1397.64 
1203.64 388.038 1204.07 428.859 
384.371 563.934 358.833 564.448 
2017.92 806.784 1771.96 785.73 
210.02 1268.47 276.739 1372.71 
1985.8 1012.63 1847.93 1085.29 
2049.36 920.364 1893.81 968.098 
495.67 1347.67 483.572 1454.04 
220.175 1256.32 289.508 1358.14 
678.954 1330.33 807.06 1433.43 
854.123 344.282 842.91 360.768 
2038.59 884.837 1886.5 961.42 
663.789 675.666 759.946 694.009 
1090 388.069 1302.44 633.888 
961.194 1346.89 998.2 1441.35 
621.843 1280.52 709.912 1376.47 
652.04 991.312 751.6 1046.86 
1206.49 205.146 1135.11 189.798 
292.101 1267.44 377.143 1369.79 
565.166 410.629 478.997 418.318 
2028.66 1046.97 1881.14 1119.23 
738.486 1206.09 859.554 1290.11 
641.142 886.984 730.859 929.851 
1389.63 1428.47 1519.86 1458.94 
2042.46 807.646 1885.35 834.221 
477.296 1011.75 466.959 1070.22 
1368.58 574.626 1351.37 629.26 
636.037 1044.53 726.952 1107.06 
1518.85 790.832 1474.22 855.409 
320.072 788.555 283.922 813.539 
2176.47 1190.38 2028.54 1259.34 
789.742 183.515 695.488 227.932 
853.401 355.703 840.77 372.758 
636.932 405.638 561.909 417.425 
1188.99 1362.69 1265.89 1452.59 
706.736 438.681 818.508 434.143 
280.238 751.427 241.268 769.786 
1102.87 317.021 1309.47 611.078 
982.092 1218.59 1025.77 1297.66 
742.108 956.949 861.533 1009.36 
2018.33 828.101 1869.48 906.383 
1302.22 563.878 1291.47 614.997 
881.474 357.882 878.247 376.307 
327.032 969.825 287.467 1021.64 
803.021 856.068 918.537 898.598 
967.485 300.441 1008.14 311.672 
661.489 810.516 760.696 841.972 
820.632 712.466 933.474 740.843 
1004.11 1208.54 1055.79 1288.72 
636.447 1184.31 731.23 1266.6 
320.072 999.888 1485.88 1229.32 
1045.44 438.837 1067.74 469.101 
623.363 1330.8 723.252 1436.64 
502.05 169.592 586.145 206.152 
763.457 1322.53 887.305 1422.09 
1192.42 435.867 1193.41 476.742 
1395.64 413.847 1373.91 470.659 
2056.11 812.12 1894.58 837.948 
1656.98 923.905 1700.27 989.726 
2141.08 792.894 2079.42 869.866 
648.039 793.45 739.726 824.37 
595.377 123.395 1013.9 385.787 
1095.05 415.899 1110.4 448.771 
808.451 1323.07 929.864 1421.04 
809.526 960.176 924.622 1014.79 
1127.07 303.031 1138.14 335.852 
2052.27 1146.38 1902.43 1216.82 
626.744 1167.39 716.039 1247.95 
1207.15 327.787 1206.35 366.638 
1407.95 394.159 1383.74 449.47 
1192.12 780.458 1261.61 830.025 
966.341 76.7495 1001.96 84.6894 
983.108 1225.09 1027.97 1305.94 
828.483 338.912 808.896 354.52 
971.098 302.975 1012.5 327.844 
936.616 427.431 957.995 345.328 
2028.66 1046.97 1881.14 1119.23 
628.932 693.63 708.24 713.177 
663.879 762.076 463.359 557.13 
965.693 288.915 1008.01 297.978 
717.922 1033.02 838.904 1094.34 
1915.28 844.958 1792.11 920.126 
988.194 356.488 1016.12 377.609 
781.581 686.475 897.542 710.32 
418.818 259.893 335.047 140.624 
2042.46 807.646 1885.2 858.908 
617.223 708.716 714.306 727.105 
660.041 747.827 779.867 1096.3 
292.101 1267.44 377.143 1369.79 
2019.03 841.925 1870.44 919.577 
1025.63 1199.73 1083.3 1278.57 
1256.83 1418.27 1355.27 1510.52 
680.118 452.283 780.499 447.949 
1885.17 300.931 305.768 1583.95 
2035.31 1166.42 1888.5 1236.2 
357.798 356.031 959.643 250.719 
407.485 756.772 380.532 782.106 
1222.96 1171.34 1292.93 1245.9 
1073.34 298.344 1092.84 325.195 
1020.78 24.3428 1058.17 25.5197 
704.404 398.63 648.085 412.299 
1016.15 429.147 1041.67 456.942 
612.522 700.935 684.672 721.176 
499.299 967.587 490.889 1020.06 
2049.74 1087.01 1897.74 1130 
495.67 1347.67 483.572 1454.04 
706.922 884.633 827.794 927.258 
1107.2 914.331 1175.09 970.722 
803.021 856.068 918.537 898.598 
938.591 1172.48 968.965 1249.91 
1213.86 1028.35 1283.86 1093.23 
782.123 1382.66 905.145 1489.72 
622.946 51.6366 468.856 135.159 
187.948 646.902 234.062 637.656 
805.115 824.539 920.201 864.188 
1107.2 914.331 1175.09 970.722 
1479.69 1242.55 1083.02 638.541 
640.553 1335.2 750.585 1439.89 
624.001 1235.18 713.115 1324.65 
541.557 294.516 456.383 286.426 
306.195 968.405 265.297 1018.7 
194.619 1399.21 264.842 1532.41 
763.97 409.778 369.897 452.91 
131.086 490.953 891.588 85.639 
1549.24 729.789 1499.06 795.011 
1062.05 333.017 992.971 676.28 
911.204 705.414 1016.57 738.168 
253.588 524.965 675.314 217.04 
599.344 1360.26 681.92 1471.8 
933.416 290.9 949.93 302.008 
503.507 526.958 415.855 564.691 
2051.75 914.84 1898.2 991.149 
223.269 1243.19 289.785 1342.44 
1296.61 156.44 1192.16 115.513 
892.869 712.19 999.794 745.259 
947.525 438.918 886.017 389.537 
808.796 1322.72 929.864 1421.04 
1761.86 703.162 1670.3 775.991 
719.219 618.477 842.004 611.914 
777.65 743.072 894.177 772.516 
626.61 1153.27 709.523 1383.54 
446.427 867.428 435.963 907.882 
1029.3 374.584 1052.84 400.323 
498.144 980.769 489.068 1035.93 
827.448 421.591 637.138 460.607 
2004.18 1215.94 1867.45 1285.29 
2042.13 969.868 1897.74 1130 
1183.45 1390.48 1262.58 1482.63 
711 1226.53 831.995 1313.86 
608.097 1342.1 697.073 1447.12 
398.087 1006.46 363.954 1064.11 
756.029 773.276 874.419 805.095 
2018.33 828.101 1869.48 906.383 
1460.95 693.223 1425.18 754.401 
2039.18 959.546 1888.52 1034.06 
1986.02 752.445 1842.46 831.869 
1091.27 1074.7 1266.44 1119.48 
1974.08 769.496 1754.22 752.193 
1637.45 662.619 1383.64 735.038 
1193.8 599.091 1260.9 639.766 
1896.22 842.101 1775.9 916.573 
892.168 458.126 359.866 554.182 
700.13 848.287 819.75 887.25 
2234.06 1227.53 2104.25 1293.85 
1572.26 661.814 1518.41 727.6 
387.18 562.333 362.122 562.933 
1073.72 565.377 1158 596.985 
1282.53 508.268 1271.81 556.817 
725.284 187.073 635.051 221.158 
2029.19 896.871 1879.59 972.668 
1036.66 406.473 1059.41 434.773 
542.325 475.196 452.556 476.606 
2163.48 777.344 2098.7 855.053 
1284.81 1004.44 1343.7 1068.87 
1888.62 710.711 1768.07 788.926 
828.32 501.944 939.9 512.147 
423.197 516.691 364.84 535.943 
823.632 715.465 1223.96 833.998 
610.78 724.18 687.457 746.314 
1298.51 990.672 1354.36 1054.63 
1509.4 803.667 1466.49 868.5 
1929.34 733.063 1803.01 811.471 
712.966 954.064 833.819 1005.99 
1100.63 745.5 1182.95 789.709 
88.5973 468.303 569.147 29.9879 
258.136 701.388 219.587 711.867 
803.209 408.865 838.082 355.793 
1204.94 428.395 1204.11 469.946 
2029.99 771.731 1877.76 851.8 
731.636 788.272 849.145 763.105 
1399.91 423.704 1376.71 478.591 
311.28 1453.38 226.059 1305.86 
58.1911 770.861 1547.89 372.824 
646.228 428.056 573.789 441.955 
972.253 13.6515 1023.91 17.4368 
921.34 370.131 931.012 390.378 
2040.69 746.987 1886.41 828.132 
249.07 1256.65 325.865 1357.78 
59.516 17.3876 115.384 76.775 
962.583 271.981 1004.96 278.82 
2067.31 1008.76 1910.55 1081.82 
1282.53 508.268 1271.81 556.817 
134.395 369.617 471.999 130.804 
1286.33 1406.11 1392.21 1497.23 
150.474 75.0948 808.632 123.734 
1963.4 654.988 1823.97 736.49 
2038.99 779.001 1885.2 858.908 
935.814 410.873 506.238 442.21 
322.096 752.855 287.075 773.589 
715.821 1071.61 836.831 1137.82 
1195.37 1229.55 1271.88 1309.68 
1899.38 906.184 1775.9 916.573 
302.287 816.49 257.268 847.979 
808.902 970.292 925.031 984.973 
1035.53 716.815 1126.41 756.162 
2036.18 761.891 1882.78 842.754 
1068.19 751.394 1154.82 794.741 
252.713 1364.52 313.952 1546.18 
590.47 764.898 719.642 1128.83 
324.062 379.07 223.982 365.283 
491.556 49.5508 66.8573 36.9065 
227.869 740.548 184.945 755.2 
1405.18 1165.26 370.414 553.852 
582.112 136.711 734.196 27.7631 
2095.77 1206.34 1971.19 1274.29 
2022.89 769.614 1781.35 822.184 
668.906 495.708 763.283 495.507 
453.518 776.567 445.852 804.367 
978.686 1217.03 1021.51 1298.48 
1941.19 655.591 1809.79 735.856 
2264.3 1032.5 1675.48 198.593 
1181.51 98.8857 1192.16 115.513 
238.906 201.335 838.823 426.4 
1346.57 414.632 1331.36 465.429 
738.299 1129.35 858.402 1203.08 
1427.65 643.451 1397.04 702.134 
1873.64 647.927 1992.81 1571.47 
629.656 1153.63 719.628 1231.78 
717.711 455.205 834.576 452.428 
2096.27 1216.14 1971.17 1284.07 
402.181 903.261 370.553 946.635 
1937.63 1257.47 1607.8 1655.62 
2033.94 826.789 1886.5 961.42 
298.532 1267.35 384.073 1370.41 
696.469 1186.82 817.806 1268.86 
838.809 203.306 830.286 210.533 
2026.71 761.156 1875.09 841.511 
644.393 998.07 739.406 1054.87 
2235.34 568.581 597.571 1564.42 
647.011 1086.81 738.034 1158.09 
221.061 1269.83 292.186 1373.95 
1408.88 522.262 1309.47 588.352 
1132.89 686.729 1210.8 728.869 
708.128 1406.29 834.128 1520.58 
2075.22 1123.67 1916.8 1165.95 
807.033 1023.75 922.643 1084.36 
919.099 380.318 1014.64 436.44 
1656.98 923.905 1700.27 989.726 
1587.79 843.879 1684.57 934.744 
1492.9 1222.01 1595.55 1296.14 
631.474 994.104 723.512 990.937 
1456.06 996.803 1441.04 1116.97 
1001.81 765.887 1097.15 808.009 
971.576 731.858 1069.78 769.514 
406.725 875.935 404.618 595.643 
1140.08 898.523 268.106 950.723 
2037.68 876.743 1888.91 995.117 
870.078 444.529 945.626 439.05 
1087.06 1216.26 1159.09 1227.37 
1315.83 1364.05 1412.16 1450.71 
1192.83 1052.99 1266.44 1119.48 
200.619 297.861 286.056 109.801 
2206.88 1063.5 2054.45 1135.05 
471.974 1016.27 457.676 1086.01 
495.473 154.767 676.018 143.353 
825.948 749.474 938.498 782.161 
800.913 1220.76 916.515 1349.29 
1880.32 96.6834 2078.81 303.831 
632.636 1031.43 721.609 1092.76 
802.088 311.233 868.192 560.467 
606.376 66.4604 871.49 67.3403 
1129.33 980.049 1997.88 1379.9 
774.577 762.837 891.269 794.351 
693.154 445.983 797.06 442.448 
396.602 1311.43 581.38 1687.21 
2029.65 896.865 1879.59 972.668 
2147.88 1033.08 1692.31 975.453 
2025.43 988.219 1877.27 1061.83 
1209.72 584.765 1277.44 628.716 
733.483 1245.59 853.509 1335.08 
971.45 308.18 1012.03 333.732 
958.185 1347.84 994.561 1441.3 
683.697 556.036 786.225 562.069 
1472.17 1087.42 725.044 201.03 
642.267 1376 754.979 1485.34 
771.66 797.105 888.494 832.121 
881.474 357.882 878.247 376.307 
407.106 772.341 453.097 465.782 
303.887 954.144 262.162 1002 
403.651 768.084 374.29 794.37 
1204.9 1381.69 1280.52 1472.59 
499.816 978.176 491.043 1032.68 
541.082 729.324 575.941 752.546 
1521.84 1220.61 1616.83 1294.46 
1319.22 1365.92 1440.49 1453.45 
14.7415 183.326 2067.47 1042.71 
992.944 335.744 1027.29 359.386 
821.634 748.962 934.458 780.86 
744.411 958.916 743.674 973.997 
628.641 667.985 707.807 685.512 
293.399 533.322 18.1927 453.089 
403.536 929.38 382.632 846.028 
1349.22 380.733 1334.68 431.663 
377.62 841.567 344.741 875.991 
649.937 1146.26 750.808 1222.99 
549.983 539.672 590.437 540.562 
967.485 300.441 1008.14 311.672 
1426.58 1023.72 1485.02 1063.63 
2187.81 1264.99 1992.68 1338.59 
770.294 964.386 49.733 626.793 
707.372 1167.72 829.084 1247.05 
306.681 924.078 267.115 968.093 
845.347 643.442 899.176 1268.93 
799.994 812.033 915.241 849.343 
670.931 706.406 824.345 441.417 
979.657 246.109 1022.57 260.352 
2033.29 800.688 1880.8 879.906 
1267.81 821.615 1326.72 876.477 
194.078 694.66 148.357 700.448 
1275.84 1162.66 1441.04 1116.97 
721.966 1014.15 842.589 1073.21 
1488.11 674.762 1447.25 736.815 
920.669 434.561 931.805 406.064 
1908.56 720.05 1789.01 873.373 
1823.71 906.548 1591.71 881.639 
715.179 618.166 832.306 714.15 
716.904 599.342 841.267 511.727 
792.435 1022.25 908.361 1081.78 
424.788 45.2733 264.524 219.369 
1707.89 570.906 1775.02 642.206 
952.552 434.539 973.251 353.578 
751.378 883.32 869.65 927.532 
868.872 318.716 862.96 334.292 
310.551 634.049 1291.47 614.997 
365.309 261.527 1145.94 85.3443 
610.361 649.364 678.836 664.212 
1030.81 741.296 1122.34 782.633 
2036.39 925.91 1893.45 1114.97 
2091.18 1595.43 311.959 223.944 
2195.16 1079.36 1199.19 123.423 
212.223 1270.61 280.441 1375.69 
2152.32 115.059 2033.06 374.825 
538.656 403.027 452.197 408.344 
722.969 938.101 843.494 988.08 
1130.49 359.767 1140.72 493.621 
1873.44 741.315 1756.95 817.54 
629.389 1122.16 720.278 1153.46 
292.302 998.695 243.852 1053.45 
927.901 198.059 967.986 207.707 
798.661 441.406 745.563 1266.86 
1240.77 612.146 1301.43 656.647 
459.405 550.43 415.855 564.691 
876.167 666.656 984.094 694.217 
407.966 41.4481 343.911 194.502 
1356.95 1614.41 2192.68 1472.07 
1087.64 1184.49 1159.09 1227.37 
2045.86 1076.1 1895.93 1147.59 
921.585 447.553 935.994 418.43 
1131.12 360.014 1140.72 493.621 
375.161 548.689 1000.74 452.111 
1059.32 618.343 1146.96 652.969 
428.532 589.605 404.618 595.643 
128.841 273.767 620.94 127.448 
217.34 1248 283.148 1347.51 
1910.3 750.94 1787.32 843.085 
1088.62 1136.93 1159.09 1227.37 
505.339 388.846 418.574 390.792 
628.646 1105.33 717.925 1175.8 
546.359 131.088 485.35 188.648 
2001.89 838.532 1856.91 915.77 
1014.74 102.922 1048.45 116.39 
2019.87 872.479 1867.9 893.218 
654.177 672.166 742.48 691.289 
796.408 837.031 830.264 1358.77 
359.89 77.6253 969.606 1525.94 
916.311 270.195 926.189 285.008 
2150.98 789.508 2088.36 866.651 
2083.86 853.332 676.357 1609.58 
2258.81 1098.59 26.7847 789.128 
428.844 634.231 408.142 644.656 
131.086 490.953 891.588 85.639 
2208.42 220.022 558.154 1642.49 
2047.79 656.911 275.185 134.577 
1616.4 1407.56 1266.44 1119.48 
2003.65 1039.99 1862.46 1112.21 
2234.96 197.454 1786.29 258.392 
2040.26 927.009 1888.98 1002.35 
501.208 392.567 396.897 322.019 
518.568 153.56 642.589 102.973 
650.37 1091.91 751.348 1161.1 
2033.73 826.93 1897.74 1130 
1527.24 1079.9 1616.86 1147.59 
269.62 1243.4 2206.48 731.428 
1428.78 730.181 1397.04 702.134 
1295.77 1363.9 1387.28 1451.75 
1386.74 461.201 1365.66 515.475 
357.526 121.133 584.293 120.417 
648.923 639.896 737.5 653.854 
2054.31 970.004 1901.5 1044.74 
1757.92 257.352 419.98 1587.7 
2044.92 1061.65 1895.11 1133.56 
1884.34 332.175 1820.65 24.0766 
1051.46 1622 400.678 550.309 
2064.26 1087.96 1908.44 1130.8 
810.179 941.698 1003.57 344.959 
950.447 581.842 1264.02 640.079 
2031.08 1266.92 374.204 396.489 
293.494 557.415 848.395 778.572 
1909.5 1395.87 972.016 426.305 
401.98 272.944 815.013 142.819 
376.145 1437.09 791.383 136.518 
1993.29 261.847 620.25 1651.04 
829.615 399.202 637.138 460.607 
310.52 633.75 1291.47 614.997 
563.081 729.57 1646.31 1507.03 
911.952 283.797 921.451 299.548 
1342.45 184.927 1058.17 25.5197 
646.261 829.238 737.246 864.568 
662.639 923.961 763.6 971.009 
842.772 317.462 827.386 332.084 
393.892 887.46 361.497 928.45 
448.425 830.496 438.835 864.833 
782.691 1167.95 900.13 1246.28 
963.23 670.154 1277.15 1245.7 
1458.09 526.5 1420.67 585.913 
1096.81 408.746 1115.25 343.731 
638.892 718.939 724.04 750.646 
947.479 229.089 919.36 1141.97 
698.446 424.109 778.04 427.865 
1027.3 368.55 1053.37 395.124 
870.246 709.112 695.564 732.584 
280.908 1312.64 365.459 1424.29 
539.136 564.589 568.858 602.564 
238.011 1270.02 312.532 1373.92 
67.6593 242.177 844.595 114.223 
706.736 438.681 818.508 434.143 
212.453 1311.4 1942.39 278.952 
1908.56 720.05 1785.31 812.969 
1722.27 835.187 1639.89 905.846 
308.055 536.587 18.1927 453.089 
1317.42 471.623 1304.18 521.906 
820.067 1388.46 940.141 1495.97 
469.127 142.654 220.039 60.5322 
1211.52 835.341 1279.45 888.922 
816.902 30.5522 652.488 143.404 
1937.34 856.672 1811.82 932.482 
2060.16 467.252 1907.41 374.578 
953.66 369.744 972.844 390.581 
1339.52 1312.58 1411.08 1394.86 
658.227 1240.91 1647.74 1326.35 
2021.85 929.564 1873.55 1004.65 
1088.03 1153.16 1159.09 1227.37 
1139.25 965.434 1937.53 1133.15 
632.174 910.33 721.328 956.266 
1376.07 1194.63 370.414 553.852 
1020.14 1207.44 1077.4 1287.22 
2050.34 886.599 1896.74 963.467 
720.335 449.313 838.888 445.8 
718.851 923.344 767.101 927.756 
1089.83 1136.57 1266.44 1119.48 
1225.13 828.904 1290.7 882.44 
1570.58 969.113 1563.63 1035.99 
208.033 532.505 767.054 1361.04 
123.921 219.527 1930.05 922.631 
2168.55 1170.34 532.97 201.127 
1930.27 748.141 1804.16 825.845 
959.497 317.332 998.973 329 
1507.6 1374.37 1251.38 1194.87 
1426.73 1576.53 536.095 177.201 
943.322 1178 973.958 1256.22 
606.315 661.089 1302.41 762.53 
2015.76 792.232 1866.71 871.029 
1865.3 899.38 1618.86 791.109 
2143.09 1304.08 2051.56 1369.7 
2216.78 1210.61 2089.58 1277.24 
516.36 565.114 544.891 649.626 
1297.14 1427.36 1405.76 1519.85 
1936.01 833.323 1810.09 909.324 
489.985 189.084 461.344 55.0926 
1730.2 556.381 2013.98 960.89 
421.451 570.949 399.542 574.372 
286.988 1267.27 371.619 1368.85 
1180.55 443.15 1182.17 483.065 
1560.76 507.211 1823.02 397.697 
733.375 1147.98 853.507 1224.47 
326.618 1200.86 239.665 1302.13 
1739.83 600.324 761.696 377.953 
1320.93 466.536 1307.42 517.265 
815.382 835.949 929.584 876.805 
692.375 1615.61 2155.19 1076.87 
199.495 321.592 232.951 341.793 
2003.98 690.441 1854.94 772.301 
370.212 552.919 390.227 564.687 
1346.4 736.944 1390.02 791.05 
151.374 266.475 196.515 86.0136 
2040.25 819.954 1887.12 898.989 
1657.13 708.498 1402.11 702.877 
871.29 348.404 506.238 442.21 
646.008 447.072 2044.99 667.578 
1959.01 1400.58 473.115 1049.23 
1996.55 427.776 287.175 1320.32 
97.4996 417.181 342.936 91.4583 
1695.48 648.617 1615.68 719.734 
1031.69 756.734 1123.33 798.12 
801.343 384.926 773.953 402.209 
1116.9 1074.55 1235.31 1056.7 
2260.78 153.837 1684.14 104.886 
1079.33 509.131 1152.17 534.131 
540.836 547.434 572.609 550.748 
536.439 605.272 568.366 613.806 
1904.98 149.368 1710.15 154.351 
697.362 522.216 769.603 500.02 
745.353 941.417 835.269 1181.29 
318.78 1284.05 404.899 1389.11 
1044.06 32.4886 1212.38 132.986 
309.772 1296.16 396.779 1404.45 
907.654 453.428 919.56 427.157 
1298.98 1050.57 1307.43 1179.31 
1495.02 952.844 1662.72 620.446 
663.983 310.439 672.556 282.06 
1015.16 314.981 1056.18 343.599 
903.006 421.792 917.413 292.488 
1963.4 654.988 1823.97 736.49 
822.212 409.965 803.543 357.118 
2122.08 253.87 114.476 72.0768 
1261.3 1358.81 2091.97 47.6031 
624.992 1131.6 715.287 1164.07 
660.49 886.415 761.999 928.581 
1265.82 898.346 1287.31 933.029 
2110.64 152.003 2258.91 1107.41 
2004.16 890.747 1744.07 836.577 
854.321 508.632 853.814 615.926 
971.777 697.887 1070.43 732.806 
2145.48 744.408 1950.44 832.517 
1340.59 858.334 1340.1 844.67 
1898.45 1168.57 1191.09 543.469 
851.982 278.473 268.526 344.079 
1558.64 556.911 1617.99 627.715 
1256.19 692.637 1314.64 740.595 
588.304 514.801 641.341 516.18 
2133.46 1164.42 990.193 733.483 
923.228 243.236 933.099 257.154 
655.99 997.031 757.473 1053.5 
810.039 459.07 445.852 804.367 
1283 664.978 1336.88 713.507 
452.165 792.021 445.852 804.367 
267.108 263.503 1812.96 229.304 
668.409 565.92 764.256 572.965 
424.689 85.9204 316.86 35.323 
142.476 1318.57 192.143 1435.52 
756.276 251.991 723.112 258.458 
677.523 93.9256 2167.93 1104.31 
1023.61 540.358 1113.08 567.934 
278.395 708.017 241.857 720.31 
785.499 198.464 959.643 250.719 
346.445 474.258 1914.77 1137.86 
1935.19 653.104 1805.64 733.169 
852.988 313.74 843.493 327.571 
724.839 230.727 692.413 233.131 
1094.26 465.163 1110.4 448.771 
629.953 724.96 708.916 749.002 
892.599 1616.25 973.958 1256.22 
719.463 191.114 635.051 221.158 
805.876 1089.45 924.622 1014.79 
1579.33 924.78 1527.33 992.777 
159.21 69.4262 1964.04 955.113 
399.834 932.115 393.427 686.98 
1154.65 1671.07 1763.56 997.634 
159.21 69.4262 1964.04 955.113 
579.301 480.534 1326.05 1489.51 
1202.63 758.422 222.658 218.723 
682.393 1013.19 797.506 1071.97 
2039.25 752.937 1885.35 834.221 
1458.26 532.637 1175.87 468.16 
1765.15 790.438 1674.53 862.451 
1088.06 1168.65 1159.09 1227.37 
329.211 1376.57 2248.69 649.619 
855.471 386.346 744.587 949.728 
1192.29 686.534 1158 596.985 
1046.54 388.173 1068.79 416.249 
2205.6 187.471 2228.48 605.948 
311.021 7.61339 1954.5 173.528 
1982.19 951.188 1843.98 1025.12 
2029.11 451.616 2242.57 516.937 
2028.03 1345.27 540.787 495.431 
2029.83 766.715 1881.72 900.981 
2194.77 316.476 76.1256 77.5692 
2143.55 746.65 1948.29 834.625 
421.047 688.11 1008.28 339.343 
1685.94 1054.52 1660.97 1163.08 
678.26 667.654 775.846 767.205 
171.371 1293.02 104.502 283.792 
1134.48 814.477 276.862 835.01 
2261.42 1043.7 642.589 102.973 
2144.31 406.24 290.879 304.965 
292.969 589.579 1628.58 1032.08 
796.408 837.031 911.761 877.144 
306.195 968.405 265.297 1018.7 
239.489 1248.97 311.396 1347.87 
419.39 671.99 378.859 849.36 
424.526 844.423 413.116 883.701 
2207.87 90.441 1152.17 534.131 
760.951 223.018 733.833 227.866 
793.755 32.6603 1683.04 189.108 
796.67 492.674 741.731 1179.48 
1058.77 385.119 1184.47 1366.53 
678.49 649.504 741.731 1179.48 
2030.64 817.114 1878.98 895.547 
2036.5 214.056 2258.13 192.982 
828.32 501.944 939.9 512.147 
1287.08 1403.41 283.036 361.006 
1576.12 918.588 1521.8 922.707 
854.533 344.18 842.91 360.768 
1212.67 875.769 1033.54 674.95 
805.544 1109.34 713.876 1268.48 
117.478 1600.83 1079.56 580.203 
2216.88 1063.29 2054.45 1135.05 
775.825 35.3576 41.8969 7.6813 
875.327 711.026 983.105 741.908 
1918.13 14.3181 1937.88 226.775 
1346.94 1098.02 600.588 86.6139 
1572.23 599.427 49.3157 1574.68 
2105.25 1051.03 1600.31 1109.09 
905.583 155.143 823.872 207.367 
365.797 167.941 2030.34 167.212 
820.371 1394.4 940.921 1501.56 
2039.36 159.893 2195.55 248.504 
959.808 269.339 1000.07 277.402 
18.5463 60.1534 789.094 46.3686 
663.57 1680.63 390.996 1467.53 
201.132 25.0552 468.856 135.159 
852.141 330.332 1641.59 1047.46 
578.49 772.103 725.044 201.03 
1391.48 1335.56 1522.9 1475.44 
625.712 707.438 714.306 727.105 
253.896 796.966 140.424 808.422 
238.242 531.511 869.95 789.451 
471.409 748.404 620.108 736.771 
633.112 1108.05 724.274 1096.21 
1377.56 869.467 884.787 505.067 
611.966 469.531 478.814 541.504 
63.7069 72.0968 2191.19 97.0842 
1331.62 1110.98 1333.96 1244.27 
945.235 374.524 960.331 396.315 
1726.35 266.56 1744.07 836.577 
981.274 444.395 568.858 602.564 
1405.56 1405.53 1532.29 1493.37 
822.086 444.866 882.089 471.517 
219.369 529.9 1279.86 1467.53 
722.467 920.968 842.87 968.325 
542.134 484.976 452.086 497.452 
805.044 619.02 981.009 528.439 
830.481 143.735 842.104 144.195 
672.505 1536.1 262.697 1465.39 
1978.66 890.575 1840.36 966.307 
816.834 800.762 787.186 904.761 
1912.65 762.462 1788.56 839.697 
686.461 440.975 455.929 560.146 
655.26 453.983 780.6 435.519 
390.053 381.873 293.501 373.891 
1002.39 14.9954 1058.17 25.5197 
1854.77 343.964 413.116 883.701 
258.917 1256.01 2038.65 714.37 
1027.06 27.579 1058.17 25.5197 
783.187 1315.53 902.356 1413.02 
1880.2 869.843 1739.12 935.942 
292.056 1383.84 1985.29 129.939 
863.576 428.42 886.017 389.537 
1711.68 9.76542 748.363 53.9246 
2049.74 1087.01 1902.43 1216.82 
677.71 1694.87 172.384 1477.4 
794.346 781.697 802.085 926.08 
413.947 113.507 789.094 46.3686 
1574.21 1680.31 1894.13 1653.07 
212.93 471.156 1353.72 954.353 
678.49 649.504 741.731 1179.48 
1140.54 352.032 1769.95 1680.04 
2038.41 945.133 1887.73 1020.03 
731.934 1284.67 852.317 1379.54 
927.722 455.048 936.234 428.775 
1477.82 1091.41 1682.14 989.042 
850.337 1596.47 2232.81 1073.03 
1750.46 1199.11 1660.97 1163.08 
175.138 73.4103 348.387 195.298 
1963.3 423.416 504.856 1640.68 
1186.67 947.078 392.821 811.029 
762.635 1110.82 880.991 1182.18 
350.443 553.462 953.912 726.776 
625.972 1179.79 715.015 1260.92 
212.655 286.068 289.411 12.8986 
65.8678 566.646 2260.29 1117.93 
1820.24 96.708 1897.6 283.859 
688.646 1187.03 810.676 1269.19 
1662.81 71.1025 472.808 1476.94 
116.655 299.195 1420.79 1620.6 
1549.91 633.859 1607.84 705.284 
693.402 772.125 801.891 505.238 
636.932 405.638 561.909 417.425 
1924.8 610.414 841.592 111.044 
1924.32 322.422 1890.54 1135.86 
2244.13 32.6375 1990.8 559.931 
317.497 100.651 455.974 96.6763 
1136.45 380.157 1558.04 1496.41 
648.799 132.101 545.008 26.093 
265.735 1300.58 348.873 1410.63 
1050.9 522.54 797.06 442.448 
217.027 1267.88 285.295 1371.22 
43.6433 391.687 2171.88 858.075 
1507.6 1374.37 1251.38 1194.87 
541.906 121.371 748.363 53.9246 
1911.53 747.079 1788.56 839.697 
1231.29 1356.06 1307.37 1444.54 
1538.22 617.874 2238.12 47.0818 
1368.5 462.507 1161.4 494.924 
1390.99 1264.59 1522.9 1475.44 
200.96 1251.8 261.905 1352.71 
289.532 1576.34 338.068 1367.37 
716.904 599.342 841.267 511.727 
2039.95 913.164 1888.22 989.074 
2019.03 841.925 1870.44 919.577 
270.296 558.366 849.145 763.105 
2268.42 1030.19 3.02896 32.8862 
852.659 436.987 862.586 401.994 
1005.89 646.064 1342.59 1006.1 
861.12 81.4982 997.365 22.5665 
2243.53 1001.93 807.001 103.589 
1764.91 773.074 1673.63 845.057 
778.186 415.502 224.715 45.1203 
1050.9 522.54 892.55 445.704 
597.86 88.4299 298.97 21.234 
260.415 1235.24 333.964 1331.73 
635.755 499.169 714.411 499.087 
1212.31 805.855 2017.98 811.127 
2226.91 103.034 770.362 59.6277 
1708.01 1274.3 1693.58 1148.75 
1752.72 989.543 1044.76 343.729 
1158.25 994.367 1235.31 1056.7 
1842.34 1362.09 444.956 501.832 
117.974 68.2818 2209.95 979.713 
1774.85 250.102 911.613 289.186 
2245.35 265.513 1966.56 901.026 
1572.26 661.814 1518.41 727.6 
625.414 1197.86 714.89 1281.78 
167.469 290.061 178.813 133.647 
299.9 507.581 492.068 462.872 
679.002 1316.87 798.93 1417.85 
347.957 1347.12 2206.72 620.877 
1149.67 787.798 1225.96 836.599 
1488.76 879.075 1506.85 942.56 
1982.19 951.188 1843.98 1025.12 
1298.72 1690.3 1305.83 1016.56 
1237.54 967.177 1302.95 1028.97 
789.015 543.327 904.297 554.276 
1633.7 532.842 1953.34 873.131 
1911.22 1168.52 1888.5 1236.2 
1229.28 605.914 1336.88 713.507 
682.578 814.506 791.181 848.67 
386.028 356.81 610.447 393.385 
1919.52 240.827 39.49 65.7728 
936.067 319.472 1111.94 1074.36 
578.534 450.555 492.068 462.872 
204.97 1226.72 259.785 1321.66 
2198.58 343.077 1797.14 451.266 
311.943 1453.1 226.059 1305.86 
1233.66 1201.1 1387.13 1181.84 
1739.87 623.093 230.983 319.858 
726.146 20.64 2119.8 1195.01 
2260.57 1058.93 1772.65 378.318 
477.75 669.439 479.422 685.377 
2056.94 1035.35 1902.21 1080.17 
628.466 1060.51 219.602 57.4249 
2178.9 795.529 2114.33 872.512 
803.925 1125.58 924.622 1014.79 
305.519 442.68 946.747 458.506 
794.329 707.054 909.532 733.621 
257.754 1453.16 2197.06 35.7038 
1029.1 236.48 245.35 346.865 
171.293 195.16 1408.37 1166.53 
450.936 50.4561 734.196 27.7631 
1656.67 411.53 1617.07 676.4 
1616.27 565.097 2186.94 1106.62 
938.365 266.549 951.68 282.277 
182.31 1287.25 30.3099 138.401 
251.341 527.883 1241.66 571.048 
1376.19 1574.7 1437.13 544.638 
283.128 64.1086 595.869 193.961 
593.506 108.179 1710.05 136.612 
633.418 93.9435 231.547 323.522 
2190.65 490.856 367.485 1544.71 
804.014 494.886 789.851 662.936 
285.276 164.86 1795.59 313.214 
821.956 1397.44 259.313 322.299 
931.008 278.646 942.536 294.787 
780.57 1317.74 900.468 1416.24 
125.099 1265.32 619.05 224.794 
196.385 1286.6 262.074 1393.78 
1577.92 822.212 1524.79 888.921 
684.8 796.295 794.175 870.342 
686.737 1318.97 808.581 1420.4 
1327.64 1278.69 60.4492 6.66289 
527.07 1563.83 1675.81 555.969 
2036.38 991.297 1886.43 1065.1 
747.807 834.004 869.65 927.532 
807.856 655.422 920.955 677.46 
1340.41 1548.48 1852.44 1319.1 
317.497 100.651 455.974 96.6763 
660.379 22.2128 2077.84 521.18 
755.239 794.59 859.554 1290.11 
1733.04 532.26 1912.52 806.973 
1470.1 752.73 1433.33 815.414 
1698.32 596.018 2044.99 351.16 
982.436 392.701 1010.56 415.565 
1074.01 744.525 1159.29 787.336 
681.028 754.557 788.867 781.887 
2256.05 990.061 2069.63 1241.11 
671.532 775.41 696.459 490.18 
606.64 380.397 1925.05 344.922 
1317.42 471.623 1304.18 521.906 
1247.53 1170.48 1442.91 1095.64 
1994.97 1136.53 208.834 1336.13 
2025.22 337 2044.99 667.578 
1077.53 1235.99 722.123 1069.05 
1409.32 627.153 1114.99 367.838 
1598.85 1079.45 1239.67 758.868 
108.977 1490.25 876.733 1415.49 
33.6294 218.283 2228.63 188.293 
753.532 699.633 1396.82 1243.08 
1304.63 602.05 1791.82 1127.5 
474.194 200.91 23.3516 226.729 
483.25 1665 253.011 1353.42 
1149.2 1691.66 1937.16 1648.37 
2008.94 955.433 1843.98 1025.12 
1041.06 641.379 345.236 661.54 
1090 388.069 1302.44 633.888 
453.69 1092.83 440.585 1163.01 
650.32 642.611 740.865 637.562 
1944.99 333.623 72.0105 1483.09 
1549.4 285.36 1547.89 372.824 
693.402 772.125 807.627 801.286 
339.959 1205.6 576.448 74.4475 
1418.93 1227.54 1539.39 1303.07 
1778.68 194.014 1927.04 1128.68 
424.788 45.2733 264.524 219.369 
301.999 183.482 1741.38 543.805 
796.566 194.013 702.04 238.324 
2023.87 784.396 1778.41 776.532 
624.945 1225.19 712.099 1356.92 
1974.48 504.437 794.521 96.8172 
652.571 798.625 780.982 905.03 
661.303 571.412 1723.3 1183.62 
2031.01 785.588 1880.9 892.386 
958.185 1347.84 994.561 1441.3 
2144.8 121.416 1474.87 1501.63 
767.06 665.515 892.442 1056.8 
897.086 1427.33 2016.55 1381.63 
1537.89 598.679 1219.58 773.985 
582.112 136.711 734.196 27.7631 
257.221 75.2276 2001.08 964.401 
631.532 404.936 599.794 397.51 
203.624 526.7 951.003 722.413 
963.23 670.154 1062.31 702.458 
1510.88 1097.29 1605.11 1165.76 
1079.33 509.131 1152.17 534.131 
225.091 239.604 1929.1 249.657 
1947.14 1432.13 2047.02 1503.73 
653.384 447.707 778.04 427.865 
2224.12 304.357 1175.87 468.16 
239.621 671.977 463.336 1149.71 
270.65 89.5273 259.313 322.299 
561.214 267.132 876.733 1415.49 
848.918 289.162 400.308 393.643 
1113.42 529.899 1191.65 563.028 
1911.61 766.582 1787.32 843.085 
2041.51 1003.48 1891.13 1076.65 
732.047 565.732 849.963 574.09 
1994.56 923.599 1742.43 780.399 
1727.77 454.461 1758.85 272.166 
416.932 400.204 324.953 132.678 
1822.34 1323.04 722.123 1069.05 
1070.89 1669.02 398.579 1112.89 
1268.53 973.314 1052.66 557.284 
1333.1 422.596 920.955 677.46 
1709.94 981.89 1455.7 472.415 
356.478 587.501 849.828 781.023 
279.92 1325.95 364.347 1440.68 
1487.56 475.628 1610.26 457.147 
656.382 113.456 129.132 515.996 
570.548 652.735 917.634 761.164 
1655.61 111.202 642.589 102.973 
609.835 504.009 513.879 692.539 
2036.92 916.401 1885.68 992.055 
1356.93 1071.58 1285.45 1283.14 
342.926 1420.39 2114.74 688.87 
2228.61 1172.26 259.431 86.0453 
593.056 1318.49 709.523 1383.54 
1913.98 496.394 638.242 1645.94 
231.53 1465.79 1014.61 1490.65 
454.37 50.0237 264.86 326.199 
2149.38 800.655 1920.57 19.0154 
623.095 23.7127 227.364 510.017 
2160.09 330.538 1906.21 377.453 
631.861 76.4543 790.98 75.9836 
491.879 796.189 579.173 811.349 
2025.43 988.219 1881.14 1119.23 
1586.85 1667.98 1183.68 383.587 
2165.11 324.929 2118.46 500.312 
264.905 94.1859 782.216 917.64 
1575.33 897.7 1523.36 964.884 
2128.81 64.2366 1927.77 975.7 
296.758 1649.49 435.047 1099.35 
1616.67 427.505 13.5455 366.599 
2046.1 1028.56 1897.74 1130 
1315.81 632.132 1235.02 495.852 
1891.03 66.9699 398.45 1394.31 
1960.62 121.523 2055.27 132.981 
515.62 211.914 124.279 474.012 
809.774 514.398 198.311 693.535 
714.261 884.976 834.91 927.8 
1725.08 251.845 418.097 100.481 
2087.02 1310.38 2137.32 1340.81 
278.102 49.6941 264.574 263.593 
2033.16 859.43 1878.98 895.547 
1026.27 322.987 1229.86 1004.64 
2163.91 219.396 2140.34 519.82 
387.472 268.502 1145.94 85.3443 
1191.18 103.867 1192.16 115.513 
737.159 1671.03 1984.57 345.452 
38.0181 1639.91 357.401 1662.32 
55.2064 328.017 2206.39 231.344 
953.167 275.59 1566.13 1175.43 
2034.82 887.561 1883.78 963.964 
898.035 252.945 891.28 384.941 
1060.89 734.495 1147.9 776.298 
86.6078 58.3581 967.608 464.585 
1873.81 417.802 1910.41 691.371 
1063.35 286.037 1084.27 311.837 
1048.11 338.218 1067.74 469.101 
2025.61 166.965 2206.39 222.968 
870.078 444.529 945.626 439.05 
103.065 359.61 471.999 130.804 
1535.27 819.258 1485.16 780.666 
146.833 90.8725 312.042 573.747 
803.028 1083.97 921.17 1009.57 
1891.24 506.406 2013.25 574.116 
1138.2 1679.88 1551.25 743.359 
2058.46 251.892 233.656 1316.24 
185.681 337.36 352.59 1411.2 
2264.1 112.521 2199.18 294.724 
612.465 1305.82 599.039 57.1781 
418.576 272.254 213.913 291.44 
2268.88 71.6822 2268.2 266.907 
1474 980.585 600.588 86.6139 
43.7711 447.548 1926.31 8.9311 
2020.73 768.932 1872.43 875.949 
1815.28 535.729 1478.3 1258.36 
368.842 1392.41 2231.83 619.973 
817.13 30.881 652.488 143.404 
1266.23 1317.66 1463.32 1263.3 
627.387 998.45 720.256 974.34 
2236.4 1063.46 2041.19 1135.35 
1585.53 339.512 1942.54 377.296 
410.174 402.451 1853.38 1680.06 
1864.68 385.496 1748.63 62.6148 
1514.72 433.142 252.467 590.476 
2154.83 488.703 135.589 330.539 
776.827 238.069 672.556 282.06 
2013.57 1252.88 1050.49 219.042 
538.656 403.027 452.197 408.344 
378.444 81.4502 2072.62 335.678 
1055.92 760.256 1144.21 803.089 
1155.78 1218.38 237.969 1023.04 
194.7 194.467 1591.8 459.437 
183.723 134.765 2140.98 101.721 
147.823 11.0959 343.911 194.502 
1761.32 686.059 1669.59 759.102 
487.251 550.698 797.06 442.448 
137.338 315.153 158.148 79.6872 
1736.87 254.346 254.372 468.306 
1438.58 922.34 1374.05 951.996 
1947.93 761.18 1817.18 838.824 
911.5 571.752 1238.44 919.455 
750.899 1186.9 888.993 1376.09 
1453.92 1329.11 1367.11 1134.02 
2043.67 348.204 2072.4 680.756 
1575.6 761.28 1521.85 827.455 
512.081 1625.38 1642.67 99.4296 
1404.59 524.971 1110.4 448.771 
1624.38 530.036 1690.93 600.44 
728.379 887.131 845.706 970.387 
2072.85 405.4 950.19 1672.46 
377.857 1240.78 2154.29 869.229 
694.678 503.939 734.946 455.799 
954.094 727.854 1014.87 751.823 
486.958 1698.41 2265.02 326.699 
1841.94 194.429 1968.72 101.842 
2030.37 218.005 1951.04 530.682 
124.475 264.092 790.98 75.9836 
2152.16 972.511 2111.89 1261.52 
2171.13 754.649 1921.88 335.051 
2182.53 564.505 4.93726 1477.7 
480.902 1616.47 2088.36 866.651 
1881.42 672.549 2026.41 1514.99 
620.691 101.654 276.903 325.854 
106.728 400.202 2123.47 7.64478 
682.211 956.987 859.554 1290.11 
680.093 630.993 775.846 767.205 
424.051 82.026 2167.72 241.509 
988.363 368.363 822.912 43.9271 
635.568 65.7431 257.591 74.8413 
483.714 135.173 66.8573 36.9065 
496.137 1343.36 76.1256 77.5692 
1702.22 372.319 1905.27 594.655 
678.134 1226.02 794.053 1313.49 
1758.51 125.573 338.427 1592.98 
19.5257 116.905 2072.4 680.756 
266.905 116.933 154.673 285.409 
1572.69 1031.07 1616.86 1147.59 
1439.75 607.531 1406.41 667.082 
1543.46 917.436 1524.07 988.312 
793.755 32.6603 1683.04 189.108 
1063.48 39.3964 1101.74 50.1562 
1165.29 670.541 1238.08 714.09 
2012.52 29.5497 1369.15 1619.92 
663.005 25.3463 2074.96 318.055 
1611.58 547.368 2209.95 979.713 
7.06455 1500.78 25.7744 392.508 
613.645 1307.01 704.566 1410.41 
831.021 357.701 811.853 374.562 
1068.9 1016.21 266.083 1269.16 
2131 335.128 1953.2 408.429 
418.339 690.275 603.547 210.509 
1843.49 327.224 188.286 62.3315 
3.21552 38.2576 2191.1 1326.42 
637.84 1564.51 1943.69 350.248 
755.239 794.59 750.41 1376.84 
679.035 502.628 814.678 454.697 
1039.93 590.473 1078.89 689.444 
89.5748 301.226 1965.62 401.381 
1983.47 1171.64 259.431 86.0453 
114.857 390.778 188.723 390.677 
764.565 60.0293 408.153 111.008 
1354.21 1215.87 1223.96 833.998 
2185.64 266.64 2060.1 521.78 
2216.78 1210.61 2089.58 1277.24 
624.495 1211.91 710.021 1383.81 
1560.29 953.511 745.097 1085.27 
2264.32 425.279 1921.47 79.1539 
1874.84 53.9726 873.878 77.6209 
2205.81 1044.19 691.54 755.826 
68.2264 231.963 1935.86 718.038 
1918.75 908.51 1794.84 966.444 
1022.25 189.227 722.334 1374.65 
470.977 234.532 51.6306 241.489 
825.55 354.067 819.695 941.367 
2023.08 811.172 1873.26 889.932 
1699.28 143.593 1715.9 442.562 
305.149 990.413 263.322 1044.16 
1885.89 328.072 1870.88 534.311 
3.99528 396.585 217.82 366.667 
1661.73 943.303 1712.29 1008.63 
1724.23 216.306 2159.98 140.681 
2036.31 984.218 410.855 1376.65 
162.509 1450.26 972.016 426.305 
2205.02 675.359 159.982 38.2566 
2067.69 710.52 1880.47 76.5716 
689.606 1167.43 859.032 557.368 
423.564 615.571 399.121 624.409 
1486.54 899.97 749.985 790.018 
613.963 461.544 452.086 497.452 
1095.24 318.226 1204.07 428.859 
810.994 949.619 925.912 1002.62 
1945.58 1016.69 1820.85 1089.14 
194.734 540.179 940.023 474.609 
2199.77 414.677 205.572 445.431 
90.6233 1502.9 1858.02 780.126 
636.052 469.395 709.885 538.417 
1415.04 215.977 1115.55 59.9787 
321.98 1236.94 2199.94 315.996 
392.195 270.093 1145.94 85.3443 
1060.23 430.452 1266.17 697.115 
1858.25 1269.1 1296.01 1434.81 
743.921 812.135 898.551 1057.15 
16.7296 1397.12 1506.85 942.56 
183.63 384.285 458.982 77.4227 
340.194 1531.48 1810.56 183.705 
1497.14 1205.56 752.387 909.995 
616.545 1681.98 1817.26 148.964 
201.356 1460.45 1683.04 189.108 
2095.57 1386.92 419.343 14.6828 
76.7342 594.861 1764.43 653.49 
368.593 1606.55 1782.81 104.919 
651.184 1206.88 753.289 1291.97 
2025.22 337 2044.99 667.578 
187.948 693.474 141.961 698.992 
1953.79 485.662 511.192 108.453 
291.356 956.782 1688.9 934.782 
1053.7 40.8884 1058.17 25.5197 
1129.7 371.546 1589.2 824.704 
1577.08 989.207 1623.28 1076.95 
742.461 1581.97 159.031 1386.02 
1490.24 969.36 1632.39 639.421 
543.541 44.3942 794.521 96.8172 
2177.77 986.055 1835.93 560.665 
2176.54 1408.52 30.6101 1470.5 
307.628 239.591 2204.76 400.621 
537.404 589.087 568.954 596.827 
1932.17 232.173 1967.1 156.628 
855.29 399.363 362.12 17.1241 
320.712 100.934 58.1007 116.997 
425.899 617.583 404.618 595.643 
2237.87 1163.55 2232.82 361.735 
2072.8 753.175 211.009 1503.25 
2187.71 367.724 335.753 1311.52 
1978.66 890.575 1840.36 966.307 
1919.28 923.915 1793.52 950.849 
1716.57 254.57 1930.51 21.1869 
1717.08 691.282 1618.86 791.109 
2068.76 1037.15 1916.8 1165.95 
706.464 512.678 801.303 502.039 
1559.77 460.222 1829.33 187.735 
264.939 539.33 1279.86 1467.53 
577.18 87.5282 1935.79 1096.64 
1970.12 267.93 2038.52 490.602 
660.176 549.7 517.189 566.449 
806.03 956.1 921.17 1009.57 
2221.4 689.385 2038.52 490.602 
1401.55 1682.39 796.771 1138.37 
1859.2 1134.41 1621.94 863.682 
1386.69 1060.91 1441.04 1116.97 
59.4191 111.341 220.902 639.028 
1987.81 806.126 1845.36 883.944 
1610.31 860.829 1447.1 738.436 
506.29 1630.3 1627.78 585.878 
679.054 143.648 626.887 114.954 
796.67 492.674 741.731 1179.48 
745.092 885.858 811.917 821.19 
2237.9 80.0418 2235.06 725.391 
1910.85 501.834 2032.77 571.098 
1222.96 1171.34 769.564 1312.29 
655.521 768.772 1023.67 757.048 
2256.89 837.177 2187.63 1081.11 
1377.06 1069.2 1423.47 1137.63 
1732.85 360.959 455.283 1547.36 
663.879 762.076 463.359 557.13 
2015.19 784.789 1870.44 919.577 
2178.56 166.541 1630.58 689.092 
2206.09 543.145 1916.1 324.377 
2020.58 789.649 1865.19 800.332 
2042.53 1018.1 1892.25 1091.22 
1584.71 980.936 1653.53 1031.52 
2220.52 386.615 185.102 79.5742 
1316.93 830.231 1001.59 606.476 
2044.78 822.596 1891.02 901.082 
698.838 407.499 811.853 374.562 
1656.25 971.689 1426.46 1511.8 
1200.2 1240.82 1275.51 1320.59 
