399.83334350585937 242.252685546875 1 306.93218994140625 251.13841247558594 1 0
371.20269775390625 261.229736328125 1 338.34173583984375 132.742431640625 1 0
371.20269775390625 261.229736328125 1 338.34173583984375 132.742431640625 1 0
371.35000610351562 258.04000854492187 1 330.98312377929687 131.27711486816406 1 0
245.5 336 1 549.51812744140625 460.44268798828125 1 0
357.11679077148437 237.74087524414062 1 275.97439575195312 171.22575378417969 1 0
333.91415405273437 221.22390747070312 1 230.41075134277344 238.1490478515625 1 0
331.2674560546875 193.26744079589844 1 262.00369262695312 241.23333740234375 1 0
331.2674560546875 193.26744079589844 1 262.00369262695312 241.23333740234375 1 0
371.92697143554687 225.28651428222656 1 244.34036254882812 123.54518127441406 1 0
371.92697143554687 225.28651428222656 1 244.34036254882812 123.54518127441406 1 0
330.78302001953125 184.9339599609375 1 134.03390502929687 243.51271057128906 1 0
330.78302001953125 184.9339599609375 1 306.93218994140625 251.13841247558594 1 0
357.00408935546875 263.52459716796875 1 341.48123168945312 176.2056884765625 1 0
357.00408935546875 263.52459716796875 1 341.48123168945312 176.2056884765625 1 0
349.63333129882812 177.63333129882812 1 113.85427093505859 183.46482849121094 1 0
351.57272338867187 181.22727966308594 1 118.79048919677734 179.89964294433594 1 0
351.57272338867187 181.22727966308594 1 118.79048919677734 179.89964294433594 1 0
268.73233032226562 333.2171630859375 1 538.8414306640625 397.1849365234375 1 0
279.28570556640625 326.67141723632812 1 515.3587646484375 376.56341552734375 1 0
281.43392944335937 392.42950439453125 1 164.77777099609375 176.36111450195312 1 0
275.75582885742187 227.22093200683594 1 249.25311279296875 385.87655639648438 1 0
283.69781494140625 254.92308044433594 1 320.3314208984375 369.38174438476562 1 0
255.17391967773437 182.2608642578125 1 124.28798675537109 435.5035400390625 1 0
255.17391967773437 182.2608642578125 1 124.28798675537109 435.5035400390625 1 0
275.05712890625 175.9857177734375 1 108.07552337646484 382.53125 1 0
275.05712890625 175.9857177734375 1 108.07552337646484 382.53125 1 0
285.522216796875 173.85556030273437 1 102.27405548095703 355.56277465820312 1 0
285.522216796875 173.85556030273437 1 102.27405548095703 355.56277465820312 1 0
245.07142639160156 184.05714416503906 1 127.89004516601562 462.36099243164062 1 0
263.82608032226562 180.10868835449219 1 118.17778015136719 411.88888549804687 1 0
279.56060791015625 159.83332824707031 1 61.081081390380859 369.81082153320312 1 0
252.18571472167969 167.67143249511719 1 80.88775634765625 441.41836547851562 1 0
252.18571472167969 167.67143249511719 1 80.88775634765625 441.41836547851562 1 0
244.03060913085937 167.64285278320312 1 80.463638305664063 464.66665649414062 1 0
282.57693481445312 245.29487609863281 1 245.83125305175781 367.02499389648437 1 0
279.56060791015625 159.83332824707031 1 61.081081390380859 369.81082153320312 1 0
38.918605804443359 264.91860961914062 1 401.15957641601562 402.05319213867187 1 0
278.89129638671875 359.52899169921875 1 627.98687744140625 356.88442993164062 1 0
278.89129638671875 359.52899169921875 1 627.98687744140625 356.88442993164062 1 0
246.3837890625 273.94342041015625 1 258.56121826171875 233.8265380859375 1 0
163.07465696628381 524.09390985542825 1 112.2917001350864 470.05476550410248 1 1
178.02827041690179 443.98374337945268 1 131.03397007286907 370.04706464246419 1 1
197.04568705342007 406.02510009120545 1 154.88380967920159 321.21270042395065 1 1
600.00889577242287 502.33924411822568 1 634.05600382704074 454.9407201421842 1 1
585.19933859422986 587.9060707896914 1 623.01283483861096 554.72648454327646 1 1
376.16365439472099 589.06543134843639 1 387.32864513894759 545.07486245430209 1 1
326.76807228032368 275.31279688823099 1 322.16915869139524 140.04723795887654 1 1
258.7527748543576 836.05935601884039 1 231.98244201023235 866.07507677285946 1 1
577.06740600483761 632.00615977990333 1 592.03205066387056 609.69749718537139 1 1
428.50494379299607 258.19881668587169 1 446.56943725107243 137.41518841814135 1 1
176.91184486296601 284.08788519799907 1 128.30878052391566 161.02114783679747 1 1
207.78601538698413 926.24098495068256 1 162.2504098540646 1010.4370409477083 1 1
