827.0128173828125 334.65383911132812 1 386.9788818359375 650.908447265625 1 0
827.0128173828125 334.65383911132812 1 386.9788818359375 650.908447265625 1 0
514.55169677734375 537.74139404296875 1 738.41143798828125 508.26040649414062 1 0
860.69049072265625 214 1 602.5946044921875 664.7838134765625 1 0
664.8974609375 494.974365234375 1 141.72857666015625 510.29046630859375 1 0
597.08184814453125 517.97271728515625 1 121.13235473632812 454.45587158203125 1 0
625.822021484375 515.5169677734375 1 118.32432556152344 478.66217041015625 1 0
659.9888916015625 530.566650390625 1 88.183334350585937 511.70001220703125 1 0
659.9888916015625 530.566650390625 1 88.183334350585937 511.70001220703125 1 0
681.6212158203125 462.19696044921875 1 189.17816162109375 520.22412109375 1 0
445.24139404296875 545.32757568359375 1 113.04098510742187 344.12295532226562 1 0
445.24139404296875 545.32757568359375 1 113.04098510742187 344.12295532226562 1 0
517.56817626953125 557.0113525390625 1 81.197364807128906 397.47369384765625 1 0
813.20001220703125 747.4749755859375 1 493.60000610351562 463.07998657226562 1 0
498.48037719726562 515.85784912109375 1 141.03201293945312 378.4014892578125 1 0
498.48037719726562 515.85784912109375 1 141.03201293945312 378.4014892578125 1 0
616.26922607421875 562.8846435546875 1 50.296875 478.0625 1 0
726.484375 440.3515625 1 217.17857360839844 560.2958984375 1 0
729.7330322265625 460.0631103515625 1 184.77096557617187 567.4161376953125 1 0
521.27777099609375 492.1944580078125 1 169.94927978515625 391.18115234375 1 0
521.27777099609375 492.1944580078125 1 169.94927978515625 391.18115234375 1 0
523.53875732421875 492.53875732421875 1 168.9871826171875 392.84066772460937 1 0
523.53875732421875 492.53875732421875 1 168.9871826171875 392.84066772460937 1 0
809.56451416015625 183.72579956054687 1 641.22894287109375 599.1168212890625 1 0
809.56451416015625 183.72579956054687 1 641.22894287109375 599.1168212890625 1 0
791.388916015625 196.04444885253906 1 616.35443115234375 581.82281494140625 1 0
791.388916015625 196.04444885253906 1 616.35443115234375 581.82281494140625 1 0
715.8359375 455.6875 1 194.07142639160156 552.54925537109375 1 0
507.2608642578125 131.63043212890625 1 650.16668701171875 332.34616088867187 1 0
820.14813232421875 193.53703308105469 1 627.75262451171875 613.33685302734375 1 0
688.34283447265625 551.78570556640625 1 48.200000762939453 542.3800048828125 1 0
782.8846435546875 270.73077392578125 1 492.51449584960937 587.74639892578125 1 0
782.8846435546875 270.73077392578125 1 492.51449584960937 587.74639892578125 1 0
604.25408935546875 339.90985107421875 1 343.890869140625 318.69290161132812 1 0
604.25408935546875 339.90985107421875 1 343.890869140625 318.69290161132812 1 0
621.171630859375 470.30596923828125 1 186.07830810546875 467.48794555664062 1 0
621.171630859375 470.30596923828125 1 186.07830810546875 467.48794555664062 1 0
622.62860107421875 463.88571166992187 1 194.84420776367188 467.43841552734375 1 0
811.23681640625 494.94735717773437 1 109.82737731933594 664.38690185546875 1 0
811.23681640625 494.94735717773437 1 109.82737731933594 664.38690185546875 1 0
648.00982666015625 516.26470947265625 1 112.73966979980469 498.218994140625 1 0
612.38800048828125 540.13201904296875 1 85.006942749023438 470.9444580078125 1 0
855.00848388671875 463.48306274414062 1 156.18789672851562 712.76751708984375 1 0
855.00848388671875 463.48306274414062 1 156.18789672851562 712.76751708984375 1 0
543.2041015625 505.36734008789062 1 148.13636779785156 409.60101318359375 1 0
543.2041015625 505.36734008789062 1 148.13636779785156 409.60101318359375 1 0
831.528564453125 170.04286193847656 1 669.19091796875 620.70001220703125 1 0
620.0823974609375 403.36080932617187 1 260.8079833984375 390.7899169921875 1 0
577.9859619140625 160.32243347167969 1 625.88262939453125 386.16085815429687 1 0
577.9859619140625 160.32243347167969 1 625.88262939453125 386.16085815429687 1 0
664.70001220703125 441.53244018554687 1 223.19071960449219 501.44158935546875 1 0
931.3148193359375 70.737037658691406 1 876.9615478515625 717.4569091796875 1 0
495.39190673828125 189.00675964355469 1 573.98529052734375 331.60293579101562 1 0
664.4595947265625 233.57070922851562 1 536.19403076171875 466.79849243164062 1 0
612.27081298828125 242.04167175292969 1 516.7548828125 424.51962280273437 1 0
677.43267822265625 280.56732177734375 1 466.71481323242187 486.02593994140625 1 0
677.43267822265625 280.56732177734375 1 466.71481323242187 486.02593994140625 1 0
530.39361572265625 334.26596069335937 1 324.59353637695312 155.91726684570312 1 0
552.071044921875 371.70001220703125 1 279.68966674804687 217.87510681152344 1 0
552.071044921875 371.70001220703125 1 279.68966674804687 217.87510681152344 1 0
655.82745361328125 216.393798828125 1 559.6768798828125 456.51361083984375 1 0
655.82745361328125 216.393798828125 1 559.6768798828125 456.51361083984375 1 0
529.774169921875 71.93548583984375 1 731.51751708984375 340.25439453125 1 0
589.75860595703125 117.13793182373047 1 686.734375 388.828125 1 0
703.8194580078125 195.99305725097656 1 598.29364013671875 495.52645874023437 1 0
703.8194580078125 195.99305725097656 1 598.29364013671875 495.52645874023437 1 0
669.6566162109375 256.8975830078125 1 501.9351806640625 475.23147583007812 1 0
669.6566162109375 256.8975830078125 1 501.9351806640625 475.23147583007812 1 0
689.25 260.6944580078125 1 498.08761596679687 493.39691162109375 1 0
550.72808837890625 61.815788269042969 1 750.15216064453125 353.36956787109375 1 0
799.1385498046875 263.07830810546875 1 507.81222534179687 604.0633544921875 1 0
882.121337890625 274.94659423828125 1 498.07965087890625 705.79644775390625 1 0
882.121337890625 274.94659423828125 1 498.07965087890625 705.79644775390625 1 0
719.42755126953125 330.21737670898437 1 392.34689331054687 533.796630859375 1 0
719.42755126953125 330.21737670898437 1 392.34689331054687 533.796630859375 1 0
709.98748779296875 269.02499389648437 1 487.72500610351562 514.00836181640625 1 0
709.98748779296875 269.02499389648437 1 487.72500610351562 514.00836181640625 1 0
863.16961669921875 329.94644165039063 1 397.07278442382812 694.744140625 1 0
694.08441162109375 56.694805145263672 1 800.66998291015625 463.260009765625 1 0
694.08441162109375 56.694805145263672 1 800.66998291015625 463.260009765625 1 0
558.8243408203125 136.64865112304687 1 653.5882568359375 368.79412841796875 1 0
726.3599853515625 141.41999816894531 1 686.381103515625 506.8636474609375 1 0
705.46490478515625 147.15789794921875 1 672.04376220703125 488.51251220703125 1 0
705.46490478515625 147.15789794921875 1 672.04376220703125 488.51251220703125 1 0
729.15216064453125 220.95341491699219 1 564.8319091796875 523.8404541015625 1 0
654.95947265625 261.47296142578125 1 493.60000610351562 463.07998657226562 1 0
799.1385498046875 263.07830810546875 1 507.81222534179687 604.0633544921875 1 0
799.1385498046875 263.07830810546875 1 507.81222534179687 604.0633544921875 1 0
543.7115478515625 240.07691955566406 1 512.60906982421875 372.08181762695312 1 0
506.27273559570312 180.80302429199219 1 586.5172119140625 337.7930908203125 1 0
506.27273559570312 180.80302429199219 1 586.5172119140625 337.7930908203125 1 0
606.260009765625 251.6199951171875 1 503.0384521484375 421.23077392578125 1 0
523.78167724609375 275.11502075195312 1 415.56045532226562 157.89289855957031 1 0
523.78167724609375 275.11502075195312 1 415.56045532226562 157.89289855957031 1 0
540.4549560546875 298.9549560546875 1 382.91885375976562 181.27487182617187 1 0
540.4549560546875 298.9549560546875 1 382.91885375976562 181.27487182617187 1 0
548.97784423828125 316.5 1 358.4830322265625 195.75149536132812 1 0
548.97784423828125 316.5 1 358.4830322265625 195.75149536132812 1 0
477.91986083984375 187.1717529296875 1 573.75 319.84259033203125 1 0
618.9383544921875 232.1849365234375 1 578.4259033203125 319.72222900390625 1 0
638.83709716796875 74.016853332519531 1 758.8980712890625 420.45144653320312 1 0
660.0584716796875 178.24026489257812 1 616.51123046875 454.03933715820313 1 0
625.36248779296875 39.549999237060547 1 801.63043212890625 404.9891357421875 1 0
712.037841796875 79.135856628417969 1 774.42462158203125 483.40078735351562 1 0
712.037841796875 79.135856628417969 1 774.42462158203125 483.40078735351562 1 0
613.39569091796875 123.31295013427734 1 683.017578125 407.79074096679688 1 0
613.39569091796875 123.31295013427734 1 683.017578125 407.79074096679688 1 0
520.1842041015625 163.04385375976562 1 612 345.19644165039062 1 0
520.29486083984375 162.76922607421875 1 612 345.19644165039062 1 0
552.09747314453125 334.4110107421875 1 332.54449462890625 203.11387634277344 1 0
552.09747314453125 334.4110107421875 1 332.54449462890625 203.11387634277344 1 0
549.67742919921875 163.25807189941406 1 616.6219482421875 366.03659057617187 1 0
549.67742919921875 163.25807189941406 1 616.6219482421875 366.03659057617187 1 0
549.91070556640625 220.91072082519531 1 539.1875 373.75 1 0
549.91070556640625 220.91072082519531 1 539.1875 373.75 1 0
554.0181884765625 352.24493408203125 1 307.372314453125 212.09165954589844 1 0
554.0181884765625 352.24493408203125 1 307.372314453125 212.09165954589844 1 0
606.19927978515625 191.75175476074219 1 587.38739013671875 412.27484130859375 1 0
627.0689697265625 154.62643432617187 1 643.26885986328125 423.15829467773437 1 0
858.7020263671875 164.94444274902344 1 686.44622802734375 651.274169921875 1 0
834.8983154296875 247.29661560058594 1 539.50384521484375 641.511474609375 1 0
945.0142822265625 97.24285888671875 1 836.6595458984375 742.88299560546875 1 0
469.03659057617187 106.63414764404297 1 673.3955078125 304.5 1 0
801.5218505859375 141.60043334960937 1 707.82666015625 581.62969970703125 1 0
801.5218505859375 141.60043334960937 1 707.82666015625 581.62969970703125 1 0
801.5218505859375 141.60043334960937 1 707.82666015625 581.62969970703125 1 0
773.44805908203125 207.61688232421875 1 594.39556884765625 565.72088623046875 1 0
773.44805908203125 207.61688232421875 1 594.39556884765625 565.72088623046875 1 0
793.19049072265625 487.75 1 127.13278961181641 641.598388671875 1 0
793.19049072265625 487.75 1 127.13278961181641 641.598388671875 1 0
795.8065185546875 429.31991577148437 1 226.16389465332031 633.18670654296875 1 0
795.8065185546875 429.31991577148437 1 226.16389465332031 633.18670654296875 1 0
795.8065185546875 429.31991577148437 1 226.16389465332031 633.18670654296875 1 0
768.65386962890625 439.5 1 212.87055969238281 604.672607421875 1 0
874.334716796875 118.31818389892578 1 770.99322509765625 658.8197021484375 1 0
866.840576171875 150.84782409667969 1 713.1053466796875 657.50592041015625 1 0
866.840576171875 150.84782409667969 1 713.1053466796875 657.50592041015625 1 0
858.7020263671875 164.94444274902344 1 686.44622802734375 651.274169921875 1 0
698.3349609375 364.956298828125 1 338.61428833007812 519.44287109375 1 0
817.5 433.59332275390625 1 215.87419128417969 659.59033203125 1 0
782.021728515625 138.43913269042969 1 706.665771484375 560.50537109375 1 0
782.021728515625 138.43913269042969 1 706.665771484375 560.50537109375 1 0
771.8255615234375 232.593017578125 1 553.80987548828125 568.6126708984375 1 0
614.52777099609375 346.9444580078125 1 337.4295654296875 342.9788818359375 1 0
614.52777099609375 346.9444580078125 1 337.4295654296875 342.9788818359375 1 0
778.91937255859375 453.16665649414062 1 188.48234558105469 618.7117919921875 1 0
750.97662353515625 468.4158935546875 1 167.57414245605469 590.97149658203125 1 0
750.97662353515625 468.4158935546875 1 167.57414245605469 590.97149658203125 1 0
867.48583984375 59.031913757324219 1 866.1832275390625 636.39312744140625 1 0
739.25341796875 68.239723205566406 1 799.963134765625 505.773681640625 1 0
739.25341796875 68.239723205566406 1 799.963134765625 505.773681640625 1 0
876.4432373046875 72.893013000488281 1 847.55963134765625 650.33001708984375 1 0
876.4432373046875 72.893013000488281 1 847.55963134765625 650.33001708984375 1 0
930.39288330078125 93.071426391601563 1 836.7041015625 722.18365478515625 1 0
897.29412841796875 174.08088684082031 1 682.49359130859375 700.8858642578125 1 0
641.925537109375 231.45744323730469 1 536.068603515625 447.26470947265625 1 0
641.925537109375 231.45744323730469 1 536.068603515625 447.26470947265625 1 0
720.615966796875 243.18115234375 1 528.98486328125 519.56060791015625 1 0
720.615966796875 243.18115234375 1 528.98486328125 519.56060791015625 1 0
821.54315185546875 299.41366577148437 1 448.0166015625 637.13836669921875 1 0
842.4669189453125 316.83883666992187 1 418.82644653320312 665.81402587890625 1 0
611.3536376953125 41.987804412841797 1 793.7127685546875 394.73403930664062 1 0
734.19915771484375 108.22357940673828 1 738.41143798828125 508.26040649414062 1 0
833.2052001953125 143.57225036621094 1 713.40411376953125 617.259521484375 1 0
837.53369140625 361.81649780273437 1 339.63522338867187 669.20953369140625 1 0
521.719482421875 369.6219482421875 1 272.197265625 152.78231811523437 1 0
505.77499389648437 208.42500305175781 1 550.47222900390625 341 1 0
813.436279296875 221.62550354003906 1 579.3460693359375 611.8460693359375 1 0
813.436279296875 221.62550354003906 1 579.3460693359375 611.8460693359375 1 0
783.5 285.36764526367187 1 468.52490234375 591.45849609375 1 0
842.4669189453125 316.83883666992187 1 418.82644653320312 665.81402587890625 1 0
773.51904296875 77.204765319824219 1 798.576904296875 539.923095703125 1 0
713.43548583984375 282.91934204101562 1 466.34783935546875 519.65216064453125 1 0
713.43548583984375 282.91934204101562 1 466.34783935546875 519.65216064453125 1 0
707.923095703125 276.69232177734375 1 475.6290283203125 513.29034423828125 1 0
714.25 246.32499694824219 1 523.03277587890625 514.13934326171875 1 0
767.95001220703125 240.35000610351562 1 539.70001220703125 566.22857666015625 1 0
763.08489990234375 254.17924499511719 1 517.1597900390625 563.95361328125 1 0
727.58160400390625 235.76530456542969 1 541.5 524.81427001953125 1 0
547.3604736328125 316.91860961914062 1 357.17938232421875 191.90458679199219 1 0
547.3604736328125 316.91860961914062 1 357.17938232421875 191.90458679199219 1 0
757.02001953125 131.3800048828125 1 711.10296630859375 533.86767578125 1 0
874.73406982421875 727.60638427734375 1 324.18569946289062 415.08572387695312 1 0
847.433349609375 312.32223510742187 1 427.98422241210937 670.6263427734375 1 0
859.30853271484375 285.39361572265625 1 476.31219482421875 679.58453369140625 1 0
794.96051025390625 288.368408203125 1 464.54052734375 604.62164306640625 1 0
615.02239990234375 281.36566162109375 1 444.15554809570312 362.7073974609375 1 0
615.02239990234375 281.36566162109375 1 444.15554809570312 362.7073974609375 1 0
869.19384765625 197.09184265136719 1 634.01019287109375 671.346923828125 1 0
757.3548583984375 230.32258605957031 1 554.611083984375 553.5 1 0
757.3548583984375 230.32258605957031 1 554.611083984375 553.5 1 0
814.2872314453125 177.03192138671875 1 653.9375 602.73748779296875 1 0
769.27191162109375 151.85087585449219 1 682.07000732421875 550.3900146484375 1 0
663.97332763671875 304.83334350585937 1 427.85015869140625 455.03366088867188 1 0
922.99017333984375 210.22549438476562 1 624.14862060546875 744.94146728515625 1 0
773.75 86.421875 1 784.6075439453125 541.68280029296875 1 0
613.77667236328125 344.06600952148437 1 345.80770874023437 335.67514038085938 1 0
906.54852294921875 197.5 1 643.67144775390625 719.92041015625 1 0
784.6219482421875 98.036582946777344 1 770.3548583984375 555.0968017578125 1 0
692.56976318359375 328.12789916992187 1 394.98934936523437 507.77658081054688 1 0
687.88983154296875 363.92373657226562 1 339.86764526367187 509.86764526367187 1 0
689.28948974609375 340.84210205078125 1 375.34481811523437 506.84481811523437 1 0
758.1097412109375 466.6341552734375 1 169.3531494140625 598.576904296875 1 0
756.01251220703125 424.35000610351562 1 239.13076782226562 588 1 0
551.261474609375 411.738525390625 1 230.98112487792969 254.00471496582031 1 0
551.261474609375 411.738525390625 1 230.98112487792969 254.00471496582031 1 0
550.90985107421875 410.827880859375 1 230.98112487792969 254.00471496582031 1 0
765.91668701171875 517.25 1 83.112899780273438 616.70965576171875 1 0
765.91668701171875 517.25 1 83.112899780273438 616.70965576171875 1 0
780.83331298828125 485.29998779296875 1 133.42308044433594 627.24359130859375 1 0
780.83331298828125 485.29998779296875 1 133.42308044433594 627.24359130859375 1 0
717.74322509765625 466.60809326171875 1 176.54838562011719 556.274169921875 1 0
733.45452880859375 357.97726440429687 1 347.92105102539062 552.793212890625 1 0
564.978271484375 557.58697509765625 1 70.282608032226563 434.58694458007813 1 0
600.26190185546875 548.73809814453125 1 469.83871459960937 629.1129150390625 1 0
655.59521484375 428.92855834960937 1 242.8148193359375 490.77777099609375 1 0
576.71429443359375 413.80950927734375 1 235.99557495117187 311.80087280273437 1 0
553.20074462890625 355.31021118164062 1 314.36770629882812 208.775634765625 1 0
717.88775634765625 530.1734619140625 1 74.457748413085937 567.96478271484375 1 0
730.84210205078125 469.69735717773438 1 169.26922607421875 570.18377685546875 1 0
656.720458984375 398.92520141601562 1 280.73272705078125 466.569091796875 1 0
656.720458984375 398.92520141601562 1 280.73272705078125 466.569091796875 1 0
764.3035888671875 314.57144165039063 1 419.92529296875 576.32757568359375 1 0
764.3035888671875 314.57144165039063 1 419.92529296875 576.32757568359375 1 0
795.70550537109375 298.5 1 447.77450561523437 607.101318359375 1 0
795.70550537109375 298.5 1 447.77450561523437 607.101318359375 1 0
828.477783203125 395.81109619140625 1 280.787353515625 665.086181640625 1 0
766.45556640625 360.32223510742187 1 343.8291015625 587.32281494140625 1 0
796.034912109375 475.66278076171875 1 146.76026916503906 642.636962890625 1 0
811.10784912109375 338.38235473632812 1 380.30435180664062 633.2825927734375 1 0
729.85552978515625 331.89999389648437 1 389.11016845703125 544.822021484375 1 0
474.81344547851296 422.95941821587797 1 461.0625178772334 414.46923208939569 1 1
505.1041031456308 442.32045713712859 1 494.04312465437351 434.15215194218263 1 1
641.22262664612686 619.82928947825849 1 618.48185397251621 613.69676206714792 1 1
566.57615966302876 180.06197229055289 1 608.45241841066024 167.86008714241996 1 1
874.55007369346231 64.901613693992957 1 922.83231159869774 43.071450644178725 1 1
707.59142569632149 138.94480072915681 1 749.41524196212958 122.9559361219349 1 1
263.09173753510663 492.05459478479941 1 273.06194148841575 481.27970613633892 1 1
425.96841671909658 281.47927209729266 1 413.49470704189633 274.20509845164923 1 1
471.0863599772664 268.00676909026203 1 459.58306620229723 259.80822740510109 1 1
755.59766262990433 381.96429789867688 1 784.37895616308924 371.9314207315914 1 1
147.13790428924469 577.02792430459112 1 154.93590973903392 563.18484303784794 1 1
434.32521693311202 606.70636807876917 1 410.55396516473269 597.38182753712852 1 1
