1234.875 335.83334350585937 1 2396.073974609375 940.01849365234375 1 0
2306.522216796875 1272.2110595703125 1 2385.79541015625 1287.5682373046875 1 0
1454.45068359375 569.04522705078125 1 1873.04052734375 723.77325439453125 1 0
1849.5660400390625 293.867919921875 1 2412.092529296875 519.8148193359375 1 0
1067.7218017578125 1232.496337890625 1 1571.4481201171875 1233.0111083984375 1 0
1073.2384033203125 1232.269287109375 1 1575.25 1232.949951171875 1 0
380.63751220703125 1310.324951171875 1 721.9693603515625 1273.744873046875 1 0
1828.0167236328125 931.4000244140625 1 1990.9461669921875 998.546142578125 1 0
453.3636474609375 259.51513671875 1 1364.0555419921875 516.8055419921875 1 0
950.15216064453125 919.521728515625 1 1539.231689453125 994.256103515625 1 0
2249.4501953125 1299.384033203125 1 2330.004638671875 1309.23828125 1 0
822.3648681640625 1223.7972412109375 1 1409.576904296875 1222.0897216796875 1 0
1414.3648681640625 314.78378295898437 1 2065.199951171875 540.7750244140625 1 0
1108.687255859375 1152.2003173828125 1 1602.8333740234375 1166.7969970703125 1 0
1331.524658203125 752.82098388671875 1 688.09613037109375 1220.8172607421875 1 0
1848.642822265625 383.8157958984375 1 2407.04541015625 587.3961181640625 1 0
1393.9903564453125 465.52581787109375 1 1807.488525390625 643.64288330078125 1 0
1949.98974609375 978.6114501953125 1 1379.2850341796875 1159.135498046875 1 0
1087.457763671875 525.17608642578125 1 1615.394775390625 693.34210205078125 1 0
658.5 288.051025390625 1 1485.6944580078125 532.72222900390625 1 0
1828.8148193359375 1250.9814453125 1 2115.14208984375 1261.475341796875 1 0
1828.8148193359375 1250.9814453125 1 2115.14208984375 1261.475341796875 1 0
922.73944091796875 1206.4295654296875 1 1478.0115966796875 1210.0115966796875 1 0
922.73944091796875 1206.4295654296875 1 1478.0115966796875 1210.0115966796875 1 0
1475.9364013671875 899.80908203125 1 1853.688720703125 979.65093994140625 1 0
972.95904541015625 1165.1065673828125 1 1640.5 670.1153564453125 1 0
1389.991943359375 1174.156005859375 1 1792.096923828125 1192.7945556640625 1 0
1191.4676513671875 651.2305908203125 1 1690.4849853515625 786.68865966796875 1 0
1160.608642578125 1235.1522216796875 1 1635.1666259765625 1236.9102783203125 1 0
865.4000244140625 908 1 1468.8953857421875 965.94183349609375 1 0
1327.037353515625 613.46270751953125 1 1763.7137451171875 758.6103515625 1 0
1314.744140625 616.38372802734375 1 1759.827880859375 761.13934326171875 1 0
1314.744140625 616.38372802734375 1 1636.9749755859375 775.23748779296875 1 0
1476.7891845703125 1216.4759521484375 1 1850.86669921875 1226.7667236328125 1 0
1128.2161865234375 928.29730224609375 1 1614.9000244140625 999.92498779296875 1 0
1429.13330078125 900.24444580078125 1 1713.0306396484375 982.14794921875 1 0
1429.5146484375 900.01470947265625 1 1821.5391845703125 980.61767578125 1 0
1260.5130615234375 878.3990478515625 1 1711.2427978515625 962.25714111328125 1 0
1260.5130615234375 878.3990478515625 1 1711.2427978515625 962.25714111328125 1 0
1260.5130615234375 878.3990478515625 1 1711.2427978515625 962.25714111328125 1 0
1097.4403076171875 911.81341552734375 1 1713.96337890625 983.743896484375 1 0
1097.4403076171875 911.81341552734375 1 1713.96337890625 983.743896484375 1 0
1906.9130859375 1216.5543212890625 1 2203 1234.637939453125 1 0
1906.9130859375 1216.5543212890625 1 2203 1234.637939453125 1 0
1379.3143310546875 645.44287109375 1 1805.391357421875 782.08697509765625 1 0
1379.3143310546875 645.44287109375 1 1805.391357421875 782.08697509765625 1 0
1286.3636474609375 652.5302734375 1 1741.7786865234375 788.286865234375 1 0
1116.092041015625 666.56402587890625 1 1625.184814453125 800.40216064453125 1 0
1559.391357421875 1222.1304931640625 1 1911.5269775390625 1233.310791015625 1 0
1183.7061767578125 1208.12890625 1 1651.09619140625 1215.5577392578125 1 0
1242.5892333984375 612.91070556640625 1 1932.6063232421875 755.69146728515625 1 0
1144.303466796875 631.17138671875 1 1642.1746826171875 772.4517822265625 1 0
1141.42724609375 631.61322021484375 1 1642.1746826171875 772.4517822265625 1 0
1314.8182373046875 592.90911865234375 1 1760.269287109375 742.0128173828125 1 0
1314.8182373046875 592.90911865234375 1 1760.269287109375 742.0128173828125 1 0
1111.8157958984375 1211.5789794921875 1 1473.1829833984375 990.20733642578125 1 0
1206.4447021484375 880.86737060546875 1 1670.5924072265625 964.08154296875 1 0
1206.4447021484375 880.86737060546875 1 1670.5924072265625 964.08154296875 1 0
1062.01025390625 913.2755126953125 1 1713.96337890625 983.743896484375 1 0
1027.0882568359375 914.2254638671875 1 1713.96337890625 983.743896484375 1 0
1027.0882568359375 914.2254638671875 1 1713.96337890625 983.743896484375 1 0
2178.441162109375 226.20588684082031 1 967.25 595.1363525390625 1 0
903.3902587890625 1205.46337890625 1 1464.908203125 1209.091796875 1 0
1232.0625 879.3062744140625 1 1714.3800048828125 961.44000244140625 1 0
1232.0625 879.3062744140625 1 1714.3800048828125 961.44000244140625 1 0
1230.534423828125 880.3448486328125 1 1557.3721923828125 968.755615234375 1 0
1230.534423828125 880.3448486328125 1 1557.3721923828125 968.755615234375 1 0
1515.1817626953125 1250.0909423828125 1 1872.4166259765625 1254.9166259765625 1 0
1440.627685546875 1132.4149169921875 1 1964.3936767578125 758.90423583984375 1 0
1608.8240966796875 631.87738037109375 1 1887.1695556640625 760.01739501953125 1 0
1076.190185546875 614.21575927734375 1 1605.0816650390625 759.8690185546875 1 0
2039.7548828125 332.95098876953125 1 2551.449951171875 545.25 1 0
1601.934814453125 594.41302490234375 1 2005.3780517578125 742.93902587890625 1 0
1614.723876953125 401.93283081054687 1 2221.0908203125 604.477294921875 1 0
1124.9000244140625 1142.5428466796875 1 1824.45556640625 1172.477783203125 1 0
1124.9000244140625 1142.5428466796875 1 1824.45556640625 1172.477783203125 1 0
2253.97607421875 906.4285888671875 1 2362.0625 986.15625 1 0
2253.97607421875 906.4285888671875 1 2362.0625 986.15625 1 0
716.40411376953125 287.130126953125 1 2237.5 952.779052734375 1 0
2272.477783203125 1269.677734375 1 2352.76318359375 1284.9736328125 1 0
640.109375 1193.578125 1 1321.0640869140625 1196.294921875 1 0
233.40058898925781 291.88595581054687 1 1225.4359130859375 545.4615478515625 1 0
233.40058898925781 291.88595581054687 1 1225.4359130859375 545.4615478515625 1 0
291.53201293945312 1342.6773681640625 1 627.5570068359375 1296.15283203125 1 0
288.70858764648437 1346.6533203125 1 626.28790283203125 1298.6514892578125 1 0
2300.50244140625 1299.5440673828125 1 2376.317138671875 1310.312255859375 1 0
1818.125 377.82623291015625 1 2383.4521484375 584.32037353515625 1 0
1014.6087036132812 1127.3043212890625 1 1823.295654296875 1160.811767578125 1 0
1014.6087036132812 1127.3043212890625 1 1823.295654296875 1160.811767578125 1 0
973.45001220703125 1226.7750244140625 1 1509.3148193359375 1226.5926513671875 1 0
1322.4857177734375 1179.2857666015625 1 1744.3333740234375 1195.6666259765625 1 0
1322.4857177734375 1179.2857666015625 1 1744.3333740234375 1195.6666259765625 1 0
1357.6829833984375 1180.696044921875 1 1441.337158203125 1181.220947265625 1 0
1261.5050048828125 1155.7462158203125 1 1602.8333740234375 1166.7969970703125 1 0
1260.044921875 1161.994384765625 1 1777.53955078125 1184.3514404296875 1 0
1464.3433837890625 1130.7891845703125 1 1843.6590576171875 1161.3182373046875 1 0
1464.3433837890625 1130.7891845703125 1 1843.6590576171875 1161.3182373046875 1 0
795.97393798828125 314.59005737304687 1 1632.867919921875 551.82073974609375 1 0
1218.0091552734375 1143.3326416015625 1 1602.8333740234375 1166.7969970703125 1 0
54.794116973876953 308.23797607421875 1 1103.0543212890625 560.83697509765625 1 0
1682.9544677734375 1258.4251708984375 1 1975.996826171875 1265.11181640625 1 0
1679.705322265625 1253.8106689453125 1 1972.5711669921875 1260.788818359375 1 0
867.586181640625 1169.1551513671875 1 1441.337158203125 1181.220947265625 1 0
1195.5509033203125 1155.177978515625 1 1660.2838134765625 1175.7161865234375 1 0
831.90625 940.3203125 1 1419.8333740234375 1007.9666748046875 1 0
1232.6004638671875 1237.59326171875 1 1681.3408203125 1240.7633056640625 1 0
1232.922119140625 1236.9500732421875 1 1681.7891845703125 1240.261474609375 1 0
1232.922119140625 1236.9500732421875 1 1681.3408203125 1240.7633056640625 1 0
1233.7314453125 1236.598876953125 1 1681.7891845703125 1240.261474609375 1 0
1235.1715087890625 1235.16064453125 1 1683.440185546875 1238.2554931640625 1 0
1235.1715087890625 1235.16064453125 1 1683.440185546875 1238.2554931640625 1 0
1012.8272705078125 1158.109130859375 1 1537.28076171875 1174.9794921875 1 0
2037.5980224609375 1237.1666259765625 1 2300.93115234375 1253.8466796875 1 0
922.33782958984375 1146.3648681640625 1 1479.303955078125 1167.13720703125 1 0
922.33782958984375 1146.3648681640625 1 1479.303955078125 1167.13720703125 1 0
1667.3642578125 402.72409057617187 1 1533.344482421875 1130.63330078125 1 0
114.64084625244141 1222.9366455078125 1 323.1842041015625 1293.0789794921875 1 0
1074.565673828125 947.02239990234375 1 1585.54638671875 1014.0618286132812 1 0
1074.565673828125 947.02239990234375 1 1585.54638671875 1014.0618286132812 1 0
1498.3162841796875 470.81430053710937 1 1893.751708984375 645.87060546875 1 0
1484.445068359375 1193.716552734375 1 1857.5289306640625 1209.8873291015625 1 0
1484.445068359375 1193.716552734375 1 1857.5289306640625 1209.8873291015625 1 0
1484.445068359375 1193.716552734375 1 1857.5289306640625 1209.8873291015625 1 0
1488.6646728515625 1192.957275390625 1 1860.2403564453125 1209.09619140625 1 0
939.04974365234375 947.56280517578125 1 1825.5382080078125 1007.4236450195312 1 0
939.04974365234375 947.56280517578125 1 1825.5382080078125 1007.4236450195312 1 0
1339.034423828125 470.4757080078125 1 1769.53125 647.1328125 1 0
1276.8675537109375 1188.4063720703125 1 1712.7977294921875 1202.13720703125 1 0
1393.2041015625 1190.8642578125 1 1795.5386962890625 1205.9033203125 1 0
1032.728271484375 1182.2867431640625 1 1549.943603515625 1193.6478271484375 1 0
1558.7542724609375 997.31353759765625 1 1932.9285888671875 1057.138671875 1 0
1621.9013671875 495.32894897460937 1 2004.18603515625 664.220947265625 1 0
1104.5625 501.5625 1 2119.116943359375 862.4813232421875 1 0
1706.9241943359375 508.31817626953125 1 1841.5 609.56756591796875 1 0
1698.4090576171875 507.16232299804687 1 2039.8944091796875 668.99298095703125 1 0
987.45794677734375 499.04928588867187 1 1532.5 674.2325439453125 1 0
986.20904541015625 498.14883422851562 1 1532.5 674.2325439453125 1 0
1288.5736083984375 479.69049072265625 1 1735.114013671875 654.91229248046875 1 0
1804.2940673828125 507.92156982421875 1 2168.090576171875 673.982177734375 1 0
1634.9404296875 1196.24609375 1 1983.48974609375 1214.2332763671875 1 0
1242.200439453125 485.94052124023437 1 1703.29248046875 660.45281982421875 1 0
1170.335205078125 1185.60986328125 1 1641.8699951171875 1198.2900390625 1 0
1170.335205078125 1185.60986328125 1 1641.8699951171875 1198.2900390625 1 0
1541.7864990234375 481.84503173828125 1 1932.59619140625 654.15386962890625 1 0
1772.798583984375 1192.2728271484375 1 2111.903076171875 1213.370361328125 1 0
826.7763671875 920.00250244140625 1 1417.089111328125 992.24420166015625 1 0
1551.590576171875 1191.720458984375 1 1908.322998046875 1208.5460205078125 1 0
1551.590576171875 1191.720458984375 1 1908.322998046875 1208.5460205078125 1 0
1544.9814453125 1192.6573486328125 1 1904.3333740234375 1209.65478515625 1 0
195.10000610351562 1451.5400390625 1 1872.4166259765625 1254.9166259765625 1 0
205.47427368164062 317.38925170898437 1 1205.3143310546875 564.423828125 1 0
743.19573974609375 379.13580322265625 1 1540.1878662109375 597.09765625 1 0
360.08944702148437 1353.0533447265625 1 689.76336669921875 1305.7265625 1 0
226.10940551757813 397.66693115234375 1 1212.4638671875 619.494873046875 1 0
1279.1185302734375 1130.9227294921875 1 1724.5 1157.9000244140625 1 0
1888.7646484375 587.558837890625 1 2325.872802734375 1257.61865234375 1 0
879.59149169921875 1123.5946044921875 1 1450.7041015625 1147.01025390625 1 0
879.59149169921875 1123.5946044921875 1 1450.7041015625 1147.01025390625 1 0
879.60528564453125 1118.2105712890625 1 1665.5821533203125 958.5 1 0
967.640380859375 1157.868408203125 1 1507.4322509765625 1173.4490966796875 1 0
967.640380859375 1157.868408203125 1 1507.4322509765625 1173.4490966796875 1 0
954.15716552734375 1153.1571044921875 1 1592.728515625 1173.67138671875 1 0
250.00617980957031 459.69754028320312 1 1215.0128173828125 663.62823486328125 1 0
1431.34765625 360.21743774414062 1 1870.75390625 562.3338623046875 1 0
1619.9285888671875 589.27923583984375 1 1880.293701171875 722.420654296875 1 0
1251.4429931640625 523.2911376953125 1 1724.8287353515625 689.97943115234375 1 0
1251.4429931640625 523.2911376953125 1 1724.8287353515625 689.97943115234375 1 0
1251.4429931640625 523.2911376953125 1 1724.8287353515625 689.97943115234375 1 0
1114.367919921875 1141.022216796875 1 1602.8333740234375 1166.7969970703125 1 0
1119.8475341796875 1126.8048095703125 1 1818.927978515625 1159.125 1 0
1126.9326171875 1127.6123046875 1 1642.01318359375 1153.855224609375 1 0
1126.9326171875 1127.6123046875 1 1642.01318359375 1153.855224609375 1 0
1373.56201171875 1144.5096435546875 1 1602.8333740234375 1166.7969970703125 1 0
1409.4927978515625 1146.2735595703125 1 1602.8333740234375 1166.7969970703125 1 0
1230.7972412109375 835.0540771484375 1 1714.2464599609375 931.1337890625 1 0
1230.7972412109375 835.0540771484375 1 1714.2464599609375 931.1337890625 1 0
142.4375 269.39584350585937 1 1164.7174072265625 531.478271484375 1 0
275.99179077148437 275.41802978515625 1 1256.1585693359375 533.54876708984375 1 0
974.14923095703125 915.7073974609375 1 1513.24072265625 989.96466064453125 1 0
974.14923095703125 915.7073974609375 1 1513.24072265625 989.96466064453125 1 0
1321.40380859375 290.36538696289062 1 1995.8658447265625 523.768310546875 1 0
662.3536376953125 1197.5244140625 1 1338.560546875 1199.287841796875 1 0
662.3536376953125 1197.5244140625 1 1338.560546875 1199.287841796875 1 0
301.06179809570312 280.7247314453125 1 1272.3082275390625 535.59588623046875 1 0
164.59333801269531 269.36666870117187 1 1179.451171875 530.8658447265625 1 0
887.4261474609375 383.68997192382812 1 1653.17138671875 598.6190185546875 1 0
891.2125244140625 382.83123779296875 1 1656.69482421875 597.5260009765625 1 0
1738.9940185546875 1232.278564453125 1 2041.0125732421875 1245.039794921875 1 0
13.546154022216797 532.86920166015625 1 1057.9444580078125 718.66668701171875 1 0
997.705322265625 914.93707275390625 1 1534.161865234375 989.51092529296875 1 0
999.40771484375 908.0999755859375 1 1557.5533447265625 984.17999267578125 1 0
1195.63330078125 1129.63330078125 1 1660.2940673828125 1155.61767578125 1 0
1195.63330078125 1129.63330078125 1 1660.2940673828125 1155.61767578125 1 0
1439.6666259765625 1182.3817138671875 1 1824.188232421875 1199.768798828125 1 0
1095.800048828125 1154.925048828125 1 1592.728515625 1173.67138671875 1 0
1307.0042724609375 1147.69775390625 1 1602.8333740234375 1166.7969970703125 1 0
1310.7415771484375 1155.958984375 1 1602.8333740234375 1166.7969970703125 1 0
1299.0555419921875 1158.52783203125 1 1592.728515625 1173.67138671875 1 0
1363.517333984375 1156.3485107421875 1 1602.8333740234375 1166.7969970703125 1 0
1237.131591796875 475.131591796875 1 1693.9906005859375 653.103759765625 1 0
849.4111328125 387.93331909179687 1 1625.75 602.40911865234375 1 0
1391.072265625 1131.844482421875 1 1823.295654296875 1160.811767578125 1 0
1391.072265625 1131.844482421875 1 1823.295654296875 1160.811767578125 1 0
1346.292236328125 1219.3311767578125 1 1760.29541015625 1227.272705078125 1 0
1066.2481689453125 1140.5902099609375 1 1602.8333740234375 1166.7969970703125 1 0
1063.790283203125 1144.89892578125 1 1602.8333740234375 1166.7969970703125 1 0
1978.40283203125 319.031982421875 1 2510.075439453125 536.20947265625 1 0
632.73944091796875 1930.809814453125 1 1507.598876953125 1006.39013671875 1 0
1739.2037353515625 1258.5 1 2026.3636474609375 1265.70458984375 1 0
1412.6708984375 1251.55126953125 1 1778.510498046875 1253.85791015625 1 0
1159.6710205078125 1154.4884033203125 1 1602.8333740234375 1166.7969970703125 1 0
1158.3182373046875 1160.1922607421875 1 1634.06103515625 1177.8780517578125 1 0
1230.547607421875 290.46826171875 1 1925.631591796875 525.65789794921875 1 0
1793.6121826171875 914.3504638671875 1 1583.3182373046875 811.34088134765625 1 0
1878.32763671875 916.18963623046875 1 2062.372314453125 988.18084716796875 1 0
1551.3199462890625 947.5 1 1916.7059326171875 1017.88232421875 1 0
1393.6270751953125 1186.930908203125 1 1793.7435302734375 1202.6651611328125 1 0
1351.6363525390625 472.6136474609375 1 2289.51953125 846.32354736328125 1 0
1008.5250244140625 1177.6099853515625 1 1535.23046875 1189.63916015625 1 0
1277.080810546875 1183.623291015625 1 1715.873779296875 1198.358642578125 1 0
901.371337890625 1174.621337890625 1 1463.8057861328125 1185.6900634765625 1 0
1733.7857666015625 884.1734619140625 1 2022.31396484375 1124.662841796875 1 0
423.24575805664062 1803.6016845703125 1 242.87777709960937 1746.5888671875 1 0
1300.1170654296875 482.39361572265625 1 2289.51953125 846.32354736328125 1 0
1300.1170654296875 482.39361572265625 1 1377.8692626953125 850.20770263671875 1 0
762.4185791015625 328.47674560546875 1 1562.1097412109375 559.8902587890625 1 0
194.29896545410156 346.14431762695312 1 1196.3660888671875 584.31103515625 1 0
226.55528259277344 298.58041381835937 1 1220.0858154296875 549.99493408203125 1 0
225.58758544921875 298.88687133789062 1 1220.0858154296875 549.99493408203125 1 0
876.3043212890625 960.2174072265625 1 1452.1856689453125 1023.0714111328125 1 0
1542.1466064453125 1148.9200439453125 1 1906.367431640625 1175.35546875 1 0
159.65928649902344 305.89822387695312 1 213.65908813476562 584.227294921875 1 0
968.1239013671875 958.9359130859375 1 1851.3162841796875 1017.9387817382812 1 0
2489.757080078125 1829.7572021484375 1 779.1767578125 1635.611083984375 1 0
2478.348388671875 1850.4090576171875 1 606.8599853515625 1687.3800048828125 1 0
2542 1805.5 1 606.8599853515625 1687.3800048828125 1 0
1405.3800048828125 740.58001708984375 1 1798.394775390625 855.42108154296875 1 0
1039.4403076171875 749.619384765625 1 1547.5244140625 863.06097412109375 1 0
1859.95166015625 426.27420043945313 1 2414.96142578125 621.19232177734375 1 0
1863.817626953125 425.81756591796875 1 2417.428466796875 620.9285888671875 1 0
1763.95263671875 912.88946533203125 1 2020.8555908203125 987.85552978515625 1 0
1291.7950439453125 1480.3360595703125 1 390.06756591796875 1181.4189453125 1 0
1174.8671875 739.60736083984375 1 1638.3271484375 854.99383544921875 1 0
1151.2086181640625 1181.19287109375 1 1633.4327392578125 1194.4664306640625 1 0
1156.7418212890625 1181.0023193359375 1 1633.4327392578125 1194.4664306640625 1 0
1167.927001953125 1181.0592041015625 1 1633.4327392578125 1194.4664306640625 1 0
480.256103515625 1760.01220703125 1 611.2254638671875 1672.7745361328125 1 0
1359.625 1482.0250244140625 1 606.8599853515625 1687.3800048828125 1 0
628.62725830078125 1731.772705078125 1 242.87777709960937 1746.5888671875 1 0
1359.625 1482.0250244140625 1 606.8599853515625 1687.3800048828125 1 0
448.6944580078125 902.75 1 2413.553955078125 987.2657470703125 1 0
143.34259033203125 546.361083984375 1 1147.3116455078125 727.297119140625 1 0
99.0234375 529.578125 1 1115.892822265625 715.35711669921875 1 0
1661.1734619140625 1083.908203125 1 2022.31396484375 1124.662841796875 1 0
1293.0892333984375 1012.4464111328125 1 1904.0926513671875 1066.5926513671875 1 0
939.16668701171875 995.92083740234375 1 1503.84228515625 1050.9698486328125 1 0
636.9285888671875 1754.59521484375 1 606.8599853515625 1687.3800048828125 1 0
285.30487060546875 1836.03662109375 1 611.2254638671875 1672.7745361328125 1 0
164.68376159667969 524.75213623046875 1 1161.6551513671875 711.1551513671875 1 0
801.861083984375 851.9444580078125 1 686.99127197265625 699.17657470703125 1 0
1907.93896484375 949.69512939453125 1 2243.46875 1022.96875 1 0
1824.256103515625 916.756103515625 1 2050.033447265625 989.0999755859375 1 0
1832.9000244140625 958.375 1 1916.7059326171875 1017.88232421875 1 0
1856.1527099609375 957.802978515625 1 2199.010009765625 1028.3499755859375 1 0
2322.98779296875 934.08538818359375 1 1452.1856689453125 1023.0714111328125 1 0
736.388916015625 368.9444580078125 1 2239.719482421875 1195.1829833984375 1 0
435.65225219726562 1274.4918212890625 1 1454.2242431640625 1224.2353515625 1 0
88.25177001953125 461.40780639648437 1 1111.3983154296875 666.9237060546875 1 0
2481.5302734375 1741.560546875 1 1387.3125 544.9375 1 0
1905.8590087890625 1681.9871826171875 1 903.82354736328125 1657.9117431640625 1 0
666.72918701171875 1786.2708740234375 1 242.87777709960937 1746.5888671875 1 0
469.257568359375 1771.98486328125 1 2055.255615234375 1663.2110595703125 1 0
263.7242431640625 336.26364135742187 1 1243.8775634765625 575.83673095703125 1 0
1767.493408203125 954.83740234375 1 2117.923828125 1025.0706787109375 1 0
1206.708740234375 780.93475341796875 1 1690.606689453125 887.433349609375 1 0
1146.2470703125 785.02056884765625 1 1639.2003173828125 891.33154296875 1 0
1830.2646484375 1233.7156982421875 1 2116.987060546875 1247.320556640625 1 0
834.421875 1159.78125 1 1426.0853271484375 1158.8414306640625 1 0
2527.576904296875 1297.2178955078125 1 215.76315307617187 846.23681640625 1 0
1837.1502685546875 1385.7166748046875 1 2181.49755859375 1370.39990234375 1 0
1088.9691162109375 447.629638671875 1 2007.26708984375 612.96588134765625 1 0
1327.610595703125 459.713134765625 1 1773.5599365234375 634.01312255859375 1 0
1492.4130859375 594.04345703125 1 1976.888916015625 961.52777099609375 1 0
1492.4130859375 594.04345703125 1 1976.888916015625 961.52777099609375 1 0
975.346435546875 1145.3897705078125 1 1512.21923828125 1164.4561767578125 1 0
1026.0426025390625 1137.1434326171875 1 1546.401611328125 1158.92626953125 1 0
1348.17138671875 1228.5714111328125 1 1761.125 1234.2750244140625 1 0
1348.17138671875 1228.5714111328125 1 1761.125 1234.2750244140625 1 0
1658.69580078125 984.53204345703125 1 2021.8349609375 1047.836669921875 1 0
1658.69580078125 984.53204345703125 1 2021.8349609375 1047.836669921875 1 0
1238.5560302734375 735.2196044921875 1 1445.770263671875 869.6351318359375 1 0
1750.7572021484375 987.32806396484375 1 2105.3193359375 1051.00634765625 1 0
1750.7572021484375 987.32806396484375 1 2105.3193359375 1051.00634765625 1 0
1838.284423828125 989.85284423828125 1 2185.867919921875 1054.063720703125 1 0
1838.284423828125 989.85284423828125 1 2185.867919921875 1054.063720703125 1 0
858.54718017578125 946.84906005859375 1 1438.0625 1012.765625 1 0
230.11764526367187 1149.61767578125 1 1129.05322265625 1158.180908203125 1 0
1115.8592529296875 1139.1505126953125 1 1820.62158203125 1169.662109375 1 0
1115.8592529296875 1139.1505126953125 1 1820.62158203125 1169.662109375 1 0
1105.627685546875 527.276611328125 1 1624.890625 695.390625 1 0
1103.63818359375 527.89837646484375 1 1624.890625 695.390625 1 0
1103.63818359375 527.89837646484375 1 1624.890625 695.390625 1 0
1454.990966796875 705.56201171875 1 1828.6983642578125 827.45172119140625 1 0
368.26596069335937 1858.478759765625 1 1376.851318359375 869.93243408203125 1 0
1562.8116455078125 981.79669189453125 1 1934.1827392578125 1044.58251953125 1 0
1562.8116455078125 981.79669189453125 1 1934.1827392578125 1044.58251953125 1 0
1562.8116455078125 981.79669189453125 1 1934.1827392578125 1044.58251953125 1 0
1112.8846435546875 1166.269287109375 1 1414.75 846.1875 1 0
1259.925537109375 535.88299560546875 1 1731.2142333984375 699.44287109375 1 0
982.34375 494.53125 1 1797.933349609375 836.2166748046875 1 0
982.34375 494.53125 1 1797.933349609375 836.2166748046875 1 0
929.11968994140625 481.07745361328125 1 1492.3780517578125 661.6463623046875 1 0
1595.4327392578125 905.59613037109375 1 1952.859375 985.078125 1 0
1655.6690673828125 1157.82373046875 1 2005.0068359375 1184.0068359375 1 0
1211.376220703125 1224.2332763671875 1 1665.846923828125 1228.6224365234375 1 0
886.27777099609375 1244.1888427734375 1 2341.611083984375 1266.7857666015625 1 0
2244.482421875 1259.78076171875 1 2328.5 1277.04052734375 1 0
1748.049072265625 605.42156982421875 1 2126.865966796875 750.81707763671875 1 0
500.327880859375 297.63934326171875 1 1397.827880859375 543.53277587890625 1 0
962.17498779296875 510.20001220703125 1 1516.8939208984375 682.71209716796875 1 0
2241.28955078125 1274.9736328125 1 2324.014404296875 1288.300048828125 1 0
1837.9052734375 1075.5909423828125 1 2183.66748046875 1121.7786865234375 1 0
1220.5391845703125 1140.2156982421875 1 1675.3399658203125 1163.9000244140625 1 0
242.61029052734375 1321.385986328125 1 598.64288330078125 1278.8690185546875 1 0
990.29998779296875 752.33477783203125 1 1515.0714111328125 865.3775634765625 1 0
1412.5482177734375 716.2103271484375 1 1376.851318359375 869.93243408203125 1 0
1222.2388916015625 1146.9332275390625 1 1677.5421142578125 1168.087158203125 1 0
2262.645263671875 1261.34619140625 1 2343.73486328125 1278.1434326171875 1 0
1746.9920654296875 649.452392578125 1 2125.673828125 785.65216064453125 1 0
1596.232421875 875.232421875 1 1953.63330078125 960.85552978515625 1 0
1750.11572265625 1075.383544921875 1 2104.274658203125 1120.4981689453125 1 0
1750.796875 1075.0179443359375 1 2104.274658203125 1120.4981689453125 1 0
1579.142822265625 1186.662353515625 1 1934.2613525390625 1205.727294921875 1 0
1579.142822265625 1186.662353515625 1 1934.2613525390625 1205.727294921875 1 0
1579.142822265625 1186.662353515625 1 1934.2613525390625 1205.727294921875 1 0
1480.5302734375 1176.427978515625 1 1834.805419921875 1195.19775390625 1 0
1453.6922607421875 1176.230712890625 1 1834.805419921875 1195.19775390625 1 0
2004.5562744140625 1226.5849609375 1 2272.592529296875 1243.1268310546875 1 0
1506.5185546875 596.79632568359375 1 1909.8409423828125 743.93182373046875 1 0
2044.611083984375 734.5 1 1940.8333740234375 590.5 1 0
2218.51953125 1289.1470947265625 1 2304.078857421875 1299.5526123046875 1 0
2218.51953125 1289.1470947265625 1 2304.078857421875 1299.5526123046875 1 0
852.16668701171875 1203.6568603515625 1 1430.5909423828125 1206.9727783203125 1 0
852.87579345703125 1203.5955810546875 1 1430.5909423828125 1206.9727783203125 1 0
1398.263427734375 1216.4281005859375 1 1797.0072021484375 1226.5692138671875 1 0
1497.52294921875 1208.1422119140625 1 1867.42529296875 1220.892578125 1 0
1497.4052734375 1208.7802734375 1 1867.0062255859375 1222.637451171875 1 0
1497.976318359375 1209.95263671875 1 1867.0062255859375 1222.637451171875 1 0
1246.298828125 613.44927978515625 1 1723.44921875 764.48828125 1 0
1246.298828125 613.44927978515625 1 1723.44921875 764.48828125 1 0
1246.298828125 613.44927978515625 1 1723.44921875 764.48828125 1 0
1244.693359375 614.42816162109375 1 1723.44921875 764.48828125 1 0
1244.693359375 614.42816162109375 1 1723.44921875 764.48828125 1 0
1046.673828125 1196.9693603515625 1 1559.98193359375 1205.0704345703125 1 0
1040.45361328125 1207.01318359375 1 1557.855224609375 1213.6805419921875 1 0
1046.1932373046875 1208.3248291015625 1 1557.855224609375 1213.6805419921875 1 0
1283.107421875 1210.6197509765625 1 1717.88427734375 1218.805419921875 1 0
1281.219970703125 1214.7489013671875 1 1716.2587890625 1222.5384521484375 1 0
1521.01806640625 1187.1988525390625 1 1880.98974609375 1204.908203125 1 0
912.0982666015625 1194.0968017578125 1 1472.30712890625 1200.27490234375 1 0
887.70526123046875 1201.3321533203125 1 1454.0987548828125 1205.64794921875 1 0
890.2774658203125 1202.3072509765625 1 1454.0987548828125 1205.64794921875 1 0
896.9185791015625 1224.8895263671875 1 1454.2242431640625 1224.2353515625 1 0
1171.453857421875 1199.81201171875 1 1642.1666259765625 1209.0860595703125 1 0
1171.453857421875 1199.81201171875 1 1642.1666259765625 1209.0860595703125 1 0
1166.0992431640625 1205.8756103515625 1 1638.885009765625 1213.6077880859375 1 0
1167.5042724609375 1207.2130126953125 1 1638.885009765625 1213.6077880859375 1 0
1955.546875 726.96282958984375 1 2296.738037109375 846.5753173828125 1 0
777.9923095703125 757.453857421875 1 1376.851318359375 869.93243408203125 1 0
763.5262451171875 754.1910400390625 1 1367.283935546875 867.63134765625 1 0
808.9036865234375 1024.4002685546875 1 1417.0916748046875 1071.512451171875 1 0
724.153076171875 770.0306396484375 1 1345.058837890625 879.5 1 0
151.36441040039062 1001.9915161132812 1 2299.521240234375 1011.8616943359375 1 0
2088.546630859375 1213.1654052734375 1 2341.330078125 1234.3056640625 1 0
1501.9588623046875 1121.4647216796875 1 1870.695068359375 1153.304931640625 1 0
709.2674560546875 1026.4534912109375 1 1358.3836669921875 1072.1744384765625 1 0
707.56927490234375 735.759765625 1 1332.7930908203125 853.9310302734375 1 0
1551.5 1237.98486328125 1 1898.627685546875 1244.670166015625 1 0
1718.0244140625 1244.969482421875 1 2010.329833984375 1254.4573974609375 1 0
1718.0244140625 1244.969482421875 1 2010.329833984375 1254.4573974609375 1 0
1728.306640625 1243.46484375 1 2019.8116455078125 1252.99853515625 1 0
1730.2899169921875 1256.321533203125 1 2021.5841064453125 1264.6251220703125 1 0
1505.4765625 621.1953125 1 1908.6195068359375 762.90216064453125 1 0
1463.4200439453125 616.17999267578125 1 1871.5634765625 759.19842529296875 1 0
1305.9193115234375 864.6021728515625 1 1688.04541015625 953.84088134765625 1 0
967.22662353515625 1155.302734375 1 1505.783935546875 1169.0390625 1 0
967.22662353515625 1155.302734375 1 1505.783935546875 1169.0390625 1 0
1735.357177734375 495.58163452148437 1 2106.47607421875 664.19049072265625 1 0
1844.560546875 1234.3182373046875 1 2127.696044921875 1248.2843017578125 1 0
1845 1234.8333740234375 1 2127.696044921875 1248.2843017578125 1 0
956.05169677734375 946.94830322265625 1 1839.8043212890625 1006.4347534179687 1 0
1378.720947265625 1143.05810546875 1 1782.95458984375 1168.227294921875 1 0
373.12765502929687 1318.6063232421875 1 715.846923828125 1280.19384765625 1 0
1542.5115966796875 1157.3255615234375 1 1906.1849365234375 1181.6781005859375 1 0
2264.839599609375 1860.839599609375 1 1269.362060546875 1753.862060546875 1 0
732.20928955078125 775.1744384765625 1 1350.9166259765625 883.45831298828125 1 0
1557.3406982421875 902.42034912109375 1 1918.34619140625 982.515380859375 1 0
1171.428955078125 1146.07958984375 1 1677.5421142578125 1168.087158203125 1 0
571.73736572265625 509.445068359375 1 1383.3548583984375 690.55914306640625 1 0
1044.398193359375 954.4273681640625 1 1569.6226806640625 1020.388671875 1 0
1044.65380859375 955.45843505859375 1 1569.6226806640625 1020.388671875 1 0
1670.5 880 1 2021.6163330078125 965.47674560546875 1 0
1670.5 880 1 1953.63330078125 960.85552978515625 1 0
1608.629638671875 902.83331298828125 1 1976.8055419921875 982.72222900390625 1 0
1092.6561279296875 949.39801025390625 1 1600.0098876953125 1016.5665283203125 1 0
1576.016845703125 935.544921875 1 2109.074462890625 1016.1170043945312 1 0
1576.016845703125 935.544921875 1 2109.074462890625 1016.1170043945312 1 0
1578.4918212890625 944.453857421875 1 1945.3641357421875 1015.2022705078125 1 0
1580.2266845703125 947.36871337890625 1 1946.235595703125 1017.2845458984375 1 0
1632.3792724609375 938.9827880859375 1 2161.304931640625 1019.231689453125 1 0
1676.4632568359375 950.91510009765625 1 2118.46875 1024.6439208984375 1 0
932.4442138671875 956.65771484375 1 1821.9423828125 1015.6876831054687 1 0
914.0284423828125 951.45574951171875 1 1475.7845458984375 1016.5610961914062 1 0
1878.7879638671875 851.35601806640625 1 2145.612060546875 940.46551513671875 1 0
760.220947265625 1814.05810546875 1 2055.255615234375 1663.2110595703125 1 0
507.03225708007812 1790.01611328125 1 2055.255615234375 1663.2110595703125 1 0
293.7156982421875 1116.676513671875 1 2012.573486328125 537.01470947265625 1 0
1576.611083984375 1789.4166259765625 1 1942.1409912109375 1437.5 1 0
1416.08349609375 945.885009765625 1 1569.6226806640625 1020.388671875 1 0
1416.580810546875 947.081787109375 1 1569.6226806640625 1020.388671875 1 0
1628.2069091796875 612.18963623046875 1 2018.730712890625 756.0128173828125 1 0
1628.2069091796875 612.18963623046875 1 2018.730712890625 756.0128173828125 1 0
1165.0537109375 735.094970703125 1 1653.3543701171875 849.14013671875 1 0
1703.576416015625 836.57647705078125 1 2145.612060546875 940.46551513671875 1 0
1595.7857666015625 1137.5816650390625 1 1965.4189453125 1167.310791015625 1 0
1595.7857666015625 1137.5816650390625 1 1965.4189453125 1167.310791015625 1 0
1566.95947265625 626.79730224609375 1 1908.5714111328125 762.53570556640625 1 0
1722.21875 1803.796875 1 1460.3477783203125 1776.8477783203125 1 0
959.54107666015625 1895.143798828125 1 812.45001220703125 1644.9832763671875 1 0
1544.9837646484375 644.044189453125 1 1946.3843994140625 781.24151611328125 1 0
1503.2789306640625 998.415771484375 1 1881.01904296875 1056.9683837890625 1 0
1503.2789306640625 998.415771484375 1 1881.01904296875 1056.9683837890625 1 0
1503.2789306640625 998.415771484375 1 1881.01904296875 1056.9683837890625 1 0
1503.2789306640625 998.415771484375 1 1881.01904296875 1056.9683837890625 1 0
1114.3333740234375 1130.8958740234375 1 1813.9317626953125 1162.227294921875 1 0
1604.1285400390625 1146.699951171875 1 1969.7646484375 1174.676513671875 1 0
2050.734130859375 1225.3194580078125 1 2312.2626953125 1245.025390625 1 0
1551.310546875 1169.242431640625 1 1912.644775390625 1191.355224609375 1 0
1551.310546875 1169.242431640625 1 1912.644775390625 1191.355224609375 1 0
1551.310546875 1169.242431640625 1 1912.644775390625 1191.355224609375 1 0
1586.76318359375 631.98419189453125 1 1980.6851806640625 770.1419677734375 1 0
1504.9769287109375 565.59228515625 1 1908.0333251953125 718.933349609375 1 0
1190.2998046875 952.82977294921875 1 1569.6226806640625 1020.388671875 1 0
1314.5789794921875 1488.0789794921875 1 611.2254638671875 1672.7745361328125 1 0
1300.9696044921875 950.1138916015625 1 1569.6226806640625 1020.388671875 1 0
911.11837670342197 469.02349369238601 1 1478.5052783540625 652.25607438637485 1 1
1389.8320312799544 299.3483810203636 1 1845.6020549771374 517.30059434925965 1 1
1427.5696585760679 408.16464613634099 1 1827.2808625575774 598.13591605495515 1 1
1394.5950327833475 349.54308917150468 1 1844.3806421491668 554.60920436727304 1 1
1864.1722011649033 478.39685765630514 1 2221.3593084716081 650.36797008017368 1 1
677.65383793341243 734.06886039373785 1 1311.1999833508912 852.76936680054439 1 1
712.23753364399397 1029.7460419373779 1 1360.1313957559209 1074.9934687245486 1 1
621.93121123574406 1322.8263719483452 1 972.536531247055 1290.9452483740213 1 1
1535.7896840656456 684.95055692775793 1 1883.642753313499 811.18987606236499 1 1
1583.0163132237055 1188.5984456318918 1 1936.7867957394665 1207.1269461777733 1 1
