565.25408935546875 111.95901489257812 1 526.00946044921875 96.5 1 0
176.78125 366.890625 1 699.96295166015625 156.48147583007813 1 0
320.4615478515625 340.2115478515625 1 261.925537109375 354.01065063476562 1 0
320.4615478515625 340.2115478515625 1 261.925537109375 354.01065063476562 1 0
386 133.83332824707031 1 381.84210205078125 142.05262756347656 1 0
125.47872161865234 351.45745849609375 1 636.19696044921875 115.77272796630859 1 0
462.7786865234375 292.58197021484375 1 450.69564819335937 293.91305541992187 1 0
579.02294921875 194.31651306152344 1 536.2816162109375 182.08621215820313 1 0
560.058837890625 406.87255859375 1 539.5875244140625 407.16250610351562 1 0
541.8599853515625 321.6400146484375 1 517.33331298828125 317.69049072265625 1 0
439.58535766601562 98.256095886230469 1 683.04547119140625 23.681818008422852 1 0
559.84283447265625 143.88571166992187 1 523.328125 130.671875 1 0
70.675003051757812 470.35000610351562 1 217.78947448730469 534.15789794921875 1 0
679.9285888671875 64.042854309082031 1 683.04547119140625 23.681818008422852 1 0
573.59722900390625 142.47222900390625 1 535.75372314453125 127.58955383300781 1 0
570.3125 125.4375 1 748.58001708984375 44.540000915527344 1 0
573.29998779296875 133.7933349609375 1 535.16668701171875 117.92424011230469 1 0
559.15167236328125 139.48313903808594 1 523.08905029296875 126.30136871337891 1 0
559.84283447265625 143.88571166992187 1 523.328125 130.671875 1 0
455.28390502929687 361.48995971679687 1 447.09420776367187 364.29708862304687 1 0
559.27587890625 234.57586669921875 1 527.75653076171875 225.9434814453125 1 0
557.37274169921875 226.64546203613281 1 622.05316162109375 171.05319213867187 1 0
581.26470947265625 357.67648315429687 1 556.16668701171875 353.44873046875 1 0
695.5 348 1 660.23974609375 335.82534790039062 1 0
457.96707153320312 324.00299072265625 1 448.54379272460937 326.41241455078125 1 0
474.40377807617187 251.14511108398438 1 545.751708984375 233.376708984375 1 0
473.67730712890625 241.41844177246094 1 457.39175415039062 239.55670166015625 1 0
126.50750732421875 241.54129028320312 1 67.4017333984375 277.60791015625 1 0
473.56130981445312 218.25096130371094 1 543.23211669921875 197.30714416503906 1 0
670.78759765625 228.27308654785156 1 527.75653076171875 225.9434814453125 1 0
669.53228759765625 219.32258605957031 1 622.05316162109375 171.05319213867187 1 0
568.5628662109375 210.30116271972656 1 535.0531005859375 199.42182922363281 1 0
576.7745361328125 202.3431396484375 1 540.8902587890625 190.01219177246094 1 0
675.78790283203125 407.64138793945312 1 644.192138671875 402.27352905273437 1 0
463.25473022460937 298.70755004882812 1 450.89999389648437 300.33999633789062 1 0
463.25473022460937 298.70755004882812 1 450.89999389648437 300.33999633789062 1 0
675.52130126953125 381.52926635742187 1 642.81414794921875 373.28009033203125 1 0
675.52130126953125 381.52926635742187 1 642.81414794921875 373.28009033203125 1 0
669.25341796875 202.80352783203125 1 624.0660400390625 178.61006164550781 1 0
668.35626220703125 197.92515563964844 1 623.05694580078125 174.61392211914062 1 0
668.16668701171875 195 1 622.05316162109375 171.05319213867187 1 0
690.2174072265625 192.7608642578125 1 643.60906982421875 165.88182067871094 1 0
567.576904296875 278.25146484375 1 537.5723876953125 270.32235717773437 1 0
566.5 277.47702026367187 1 536.29998779296875 269.82940673828125 1 0
556.9339599609375 203.82075500488281 1 622.05316162109375 171.05319213867187 1 0
568.65386962890625 427.67947387695312 1 547.9920654296875 428.0079345703125 1 0
562.47454833984375 394.05792236328125 1 541.26300048828125 392.3226318359375 1 0
562.47454833984375 394.05792236328125 1 541.26300048828125 392.3226318359375 1 0
562.47454833984375 394.05792236328125 1 541.26300048828125 392.3226318359375 1 0
562.65911865234375 381.3311767578125 1 540.760009765625 379.27999877929687 1 0
562.4617919921875 376.04141235351563 1 540.43792724609375 373.5965576171875 1 0
473.4613037109375 323.7645263671875 1 460.99124145507812 324.868408203125 1 0
473.26223754882812 307.63287353515625 1 460.33810424804687 308.55712890625 1 0
473.26223754882812 307.63287353515625 1 460.33810424804687 308.55712890625 1 0
473.26223754882812 307.63287353515625 1 460.33810424804687 308.55712890625 1 0
465.19955444335937 305.84634399414062 1 451.5538330078125 308.20001220703125 1 0
458.22222900390625 307.92361450195312 1 448.1422119140625 310.17889404296875 1 0
341.26644897460937 358.743408203125 1 292.73983764648437 369.87399291992187 1 0
563.6500244140625 329.86248779296875 1 539.21185302734375 324.38134765625 1 0
563.6500244140625 329.86248779296875 1 539.21185302734375 324.38134765625 1 0
464.42648315429687 282.0294189453125 1 454.15753173828125 342.3082275390625 1 0
342.5701904296875 256.74560546875 1 363.54254150390625 276.90426635742187 1 0
271.521728515625 281.021728515625 1 183.31159973144531 302.64492797851562 1 0
628.5850830078125 364.7127685546875 1 597.12860107421875 358.89999389648438 1 0
297.72506713867187 355.67864990234375 1 226.76718139648437 370.40838623046875 1 0
297.72506713867187 355.67864990234375 1 226.76718139648437 370.40838623046875 1 0
502.4310302734375 445.03448486328125 1 488.77450561523437 448.32351684570312 1 0
659.7373046875 446.36441040039062 1 630.74676513671875 445.00650024414062 1 0
474.40377807617187 251.14511108398438 1 545.751708984375 233.376708984375 1 0
134.68182373046875 220.25 1 540.8902587890625 190.01219177246094 1 0
134.68182373046875 220.25 1 540.8902587890625 190.01219177246094 1 0
623.55999755859375 353.67999267578125 1 589.57177734375 346.07415771484375 1 0
246.27632141113281 275.65789794921875 1 148.11111450195312 300.41665649414062 1 0
464.15060424804687 374.19879150390625 1 453.452392578125 376.9920654296875 1 0
311.66000366210937 290.1400146484375 1 243.44999694824219 307.01251220703125 1 0
333.91177368164062 218.23529052734375 1 274.14285278320312 252.40475463867187 1 0
276.74490356445313 218.39796447753906 1 195.10000610351562 243.41111755371094 1 0
389.85617065429687 206.45890808105469 1 388.72805786132812 214.11402893066406 1 0
207.74409484863281 222.30314636230469 1 110.01724243164062 255.10345458984375 1 0
68.779998779296875 245.69999694824219 1 38.527778625488281 285.33334350585937 1 0
737.1722412109375 393.42221069335938 1 698.129150390625 380.56622314453125 1 0
470.75119018554687 374.365478515625 1 459.4609375 377.26873779296875 1 0
483.04733276367187 395.6275634765625 1 470.51571655273437 398.23822021484375 1 0
519.9862060546875 392.28448486328125 1 501.74612426757812 391.490478515625 1 0
519.9862060546875 392.28448486328125 1 501.74612426757812 391.490478515625 1 0
521.476806640625 393.12869262695312 1 503.27102661132813 393.57827758789062 1 0
58.094593048095703 38.797298431396484 1 298.76666259765625 125.67778015136719 1 0
302.85794067382812 403.29336547851562 1 240.84625244140625 414.3759765625 1 0
302.5 412.82431030273437 1 239.04902648925781 424.83334350585937 1 0
617.1190185546875 395.33334350585937 1 698.129150390625 380.56622314453125 1 0
104.65897369384766 255.32051086425781 1 55.932834625244141 290.828369140625 1 0
104.65897369384766 255.32051086425781 1 55.932834625244141 290.828369140625 1 0
297.59616088867187 236.59616088867187 1 221.01852416992187 257.99383544921875 1 0
593.69512939453125 447.77642822265625 1 567.46429443359375 448.625 1 0
593.69512939453125 447.77642822265625 1 567.46429443359375 448.625 1 0
318.17889404296875 286.69265747070312 1 251.35841369628906 303.3052978515625 1 0
625.043701171875 393.02090454101562 1 592.35931396484375 387.64828491210937 1 0
625.3524169921875 393.89016723632812 1 594.4742431640625 389.24526977539062 1 0
547.51043701171875 446.51040649414062 1 528.11627197265625 448.406982421875 1 0
547.51043701171875 446.51040649414062 1 528.11627197265625 448.406982421875 1 0
625.84918212890625 424.484130859375 1 594.79998779296875 422.260009765625 1 0
367.02325439453125 297.16278076171875 1 329.5689697265625 308.00860595703125 1 0
445.3431396484375 381.59805297851562 1 439.32693481445312 385.13461303710937 1 0
289.19232177734375 341.55126953125 1 215.79545593261719 358.6363525390625 1 0
465.04544067382812 442.9886474609375 1 457.96591186523437 447.46591186523437 1 0
523.522705078125 348.3863525390625 1 502.54080200195312 346.80612182617187 1 0
579.92108154296875 186.13157653808594 1 644.26922607421875 147.80769348144531 1 0
161.87815856933594 397.78570556640625 1 84.171234130859375 407.25341796875 1 0
290.69512939453125 412.59756469726562 1 221.09649658203125 425.0614013671875 1 0
290.69512939453125 412.59756469726562 1 221.09649658203125 425.0614013671875 1 0
589 407 1 549.65386962890625 405.23077392578125 1 0
384.85183715820313 412.42593383789062 1 368.30233764648437 419.7325439453125 1 0
237.91175842285156 297.83822631835937 1 139.26055908203125 321.95071411132812 1 0
237.91175842285156 297.83822631835937 1 139.26055908203125 321.95071411132812 1 0
464.61627197265625 220.63954162597656 1 448.05264282226562 220.52632141113281 1 0
37.708160400390625 370.47384643554687 1 21.90748405456543 394.83056640625 1 0
40.805557250976563 350.27777099609375 1 23.112245559692383 378.98980712890625 1 0
352.547607421875 363.047607421875 1 312.25473022460937 373.72640991210937 1 0
444.9765625 401.9453125 1 439.5423583984375 406.23727416992187 1 0
567.3204345703125 311.42901611328125 1 536.31927490234375 305.17230224609375 1 0
568.109619140625 311.75668334960937 1 538.66265869140625 304.76504516601562 1 0
568.86492919921875 358.2403564453125 1 544.38604736328125 354.33544921875 1 0
568.86492919921875 358.2403564453125 1 544.38604736328125 354.33544921875 1 0
567.875 109 1 384.32925415039062 138.6219482421875 1 0
569.59326171875 399.185546875 1 545.22686767578125 396.27825927734375 1 0
567.769287109375 397.17523193359375 1 545.22686767578125 396.27825927734375 1 0
462.93191528320312 245.89007568359375 1 447.375732421875 246.67503356933594 1 0
455.24581909179687 212.74166870117187 1 440.8138427734375 212.7872314453125 1 0
462.70907592773437 207.845458984375 1 446.31051635742187 207.71052551269531 1 0
462.4520263671875 327.45455932617187 1 451.28451538085937 329.5 1 0
462.4520263671875 327.45455932617187 1 451.28451538085937 329.5 1 0
462.4520263671875 327.45455932617187 1 451.28451538085937 329.5 1 0
462.4520263671875 327.45455932617187 1 451.28451538085937 329.5 1 0
465.13250732421875 316.83901977539063 1 452.67034912109375 318.70220947265625 1 0
464.9444580078125 278.6875 1 450.66363525390625 279.87274169921875 1 0
464.9444580078125 278.6875 1 594.4742431640625 389.24526977539062 1 0
464.18832397460937 295.57144165039062 1 452.38507080078125 354.76437377929687 1 0
464.18832397460937 295.57144165039062 1 451.5384521484375 297.0076904296875 1 0
574.09259033203125 419.85183715820312 1 541.17388916015625 307.56521606445312 1 0
652.1136474609375 264.79544067382812 1 611.153076171875 248.25509643554687 1 0
707.31707763671875 196.6219482421875 1 659.05126953125 167.92308044433594 1 0
707.31707763671875 196.6219482421875 1 659.05126953125 167.92308044433594 1 0
707.31707763671875 196.6219482421875 1 659.05126953125 167.92308044433594 1 0
707.31707763671875 196.6219482421875 1 659.05126953125 167.92308044433594 1 0
709.770263671875 198.39189147949219 1 556.92425537109375 192.95454406738281 1 0
541.65216064453125 269.95651245117187 1 513.54345703125 264.17391967773437 1 0
568.11688232421875 198.91558837890625 1 452.38507080078125 354.76437377929687 1 0
660.17645263671875 449.50979614257812 1 629.57769775390625 448.38348388671875 1 0
567.486328125 238.5687255859375 1 534.15850830078125 229.44184875488281 1 0
574.77984619140625 271.41824340820312 1 544.92132568359375 262.91204833984375 1 0
394.88955688476562 218.61656188964844 1 109.25862121582031 76.086204528808594 1 0
462.28125 352.3125 1 452.38507080078125 354.76437377929687 1 0
462.28125 352.3125 1 452.38507080078125 354.76437377929687 1 0
462.28125 352.3125 1 452.38507080078125 354.76437377929687 1 0
35.019360205878968 237.05794341428199 1 55.017686839545163 317.29120485123428 1 1
51.385775042476652 52.038893797046441 1 74.028266533362753 133.02822389370004 1 1
375.31159908612136 265.85939208845775 1 161.16777283592529 257.62492099738267 1 1
392.0817003265833 619.85640308107588 1 160.0613182502432 670.15204983991032 1 1
320.75994452806026 528.05640333632675 1 130.99684035816645 570.00368058238325 1 1
520.12207157403986 363.94134573386344 1 312.12872889914092 350.3425673768034 1 1
512.58596388744002 137.23623688991987 1 321.87414114248406 94.985620610253889 1 1
713.5255335954314 441.77403047062546 1 675.3902224438441 448.76791443357871 1 1
879.56340750103357 484.43829284059376 1 927.50826007813021 491.52943777653348 1 1
844.96540990472988 218.09005852723087 1 852.87579540562058 177.07891171613286 1 1
749.91335164295117 72.126142555010617 1 704.30985202001602 17.700186205886389 1 1
560.81855000894461 76.090623224346146 1 398.10132541927783 24.912622234298333 1 1
