-22.998 -14.96 10.861 3.9047 -7.7284 0.35891
-18.957 7.626 17.454 6.3396 14.488 10.233
-21.28 10.022 13.245 2.8274 16.395 6.4567
-7.291 0.45672 -2.9439 11.294 7.5969 -14.684
-31.73 12.484 4.5158 -9.6532 16.669 -0.13634
-22.434 12.612 8.168200000000001 0.027787 18.794 2.2471
-23.013 -15.316 10.397 4.3172 -8.278 0.35891
-8.6243 -6.509 -6.0392 9.9521 0.71457 -16.572
-32.173 12.745 4.5158 -10.65 17.248 -0.91016
-8.633100000000001 -6.5907 -6.0392 9.9521 0.71457 -16.572
-20.826 9.576499999999999 14.266 3.4594 16.144 7.4472
-6.5374 -6.9362 -4.9559 9.9521 0.71457 -16.572
-20.468 9.1654 14.761 4.1809 15.605 7.7567
-23.923 -13.905 8.601599999999999 3.9047 -7.7284 0.35891
-9.646100000000001 -26.308 28.195 22.866 -18.434 18.528
-1.5933 -5.6806 -1.0867 17.943 2.4036 -14.53
-28.369 11.978 6.9301 -6.0632 17.523 3.6709
-23.157 5.7142 20.921 3.8375 12.062 14.133
-21.963 12.104 9.4992 0.027787 18.794 2.2471
-1.7724 -20.983 26.771 30.608 -11.339 12.523
-22.762 -15.724 11.325 4.3172 -8.278 0.35891
-28.55 -21.211 6.0944 -2.2898 -15.088 0.35891
-21.938 10.651 12.285 1.7631 16.994 5.4971
