418.0 282.0 -2.3505002548217773 -6.153095184707642 43.3317834526062  
422.0 282.0 -4.79134273109436 -0.40599651641845735 45.617664334785935 
426.0 282.0 -8.516067500686646 4.208446502614021 44.773784627628324 
410.0 286.0 -3.7756350259780884 -24.910078030395507 8.404602086639404
414.0 286.0 5.210288495826721 -8.382270752334595 39.80678550300598 
418.0 286.0 3.563174516963959 -1.8824722160339356 44.171947637176515 
422.0 286.0 0.6558740180969238 3.4280391185760495 45.33202361078262 
426.0 286.0 -2.8933019596099854 8.159326359558104 44.887718190860745 
430.0 286.0 -7.694413419342041 11.866428658294677 41.426261832427976 
434.0 286.0 -20.56957817955017 9.289184525299072 18.848003395080568 
406.0 290.0 2.6717389602661132 -28.663692470955848 0.894777333831787 
410.0 290.0 1.465814926147461 -21.228441220092773 7.054744756317138 
414.0 290.0 10.60530266265869 -4.537506758117676 39.41877744493485 
418.0 290.0 8.306741696166991 1.3642925628662113 42.2096058883667 
422.0 290.0 5.330522995758056 6.605416716003418 43.22512455368042 
426.0 290.0 1.8095997047424315 11.349994709777832 42.8509941280365 
430.0 290.0 -2.8574163246154787 15.152165433454513 39.663696292090414 
438.0 290.0 -21.893567991638182 15.47615468902588 10.229447232437135 
402.0 294.0 11.941041012954711 -29.74029748916626 0.6409603488922119 
406.0 294.0 8.06241109008789 -24.821613245010376 -0.09668676729202275 
410.0 294.0 4.94571187133789 -19.19647186279297 1.1554029119491576 
414.0 294.0 15.114492636489867 -1.4935222259521481 36.83665084922314 
418.0 294.0 12.554801937508582 4.17505210723877 39.0215606250763 
422.0 294.0 9.454307537841796 9.311260224246979 39.76012797737122 
426.0 294.0 5.765827960968018 13.918943336296081 38.98161699180603 
430.0 294.0 0.9242060852050781 17.584215214538574 35.33149315719604 
434.0 294.0 -8.621172877120971 17.595205242919924 20.177379122924805 
438.0 294.0 -15.718090129280089 19.742811087799073 11.270314322662355 
398.0 298.0 20.36787438430786 -31.63512793197632 -1.8254751686096196 
402.0 298.0 17.451524993133546 -25.743942193984985 0.09074498538970943 
406.0 298.0 12.846913343024253 -21.560598306655884 -2.6369793283462526 
410.0 298.0 17.41399195594788 -8.686536770248413 19.203807540130615 
414.0 298.0 17.116329101753237 -0.7457654289245603 27.649610705566406 
418.0 298.0 16.466676693725585 6.686706007385254 34.95599754238129 
422.0 298.0 13.164172154235839 11.659020365142823 35.21619041347504 
426.0 298.0 8.670806866455077 15.605644167327881 32.40180607223511 
430.0 298.0 2.643989747619629 18.33793074836731 25.74813805770874 
434.0 298.0 -5.948866818618774 19.151733317184448 12.797074202728272 
438.0 298.0 -11.098282289886473 22.824041430187226 8.615690098953248 
398.0 302.0 25.542604388427733 -27.950454562377928 -3.2387163566589354 
402.0 302.0 22.235580386352538 -22.46801185555458 -2.3775365280151366 
406.0 302.0 16.985407134246827 -18.927814655303955 -6.92665825958252 
410.0 302.0 11.244424846553802 -15.783131467437745 -12.733481379318237 
414.0 302.0 20.071016329193114 0.862076623535156 20.805852836990358 
418.0 302.0 17.315076845550536 6.460543139076233 22.70333678188324 
422.0 302.0 14.173873918914794 11.664279801940918 23.51705361070633 
426.0 302.0 10.577916329956054 16.4470537399292 23.103069173812866 
430.0 302.0 5.955246931171417 20.37842179288864 20.030628206849098 
434.0 302.0 -2.413952623081207 21.384468086767196 7.465646270942688 
438.0 302.0 -6.836499427032471 25.63149849395752 5.0829128067016605 
442.0 302.0 -11.991352987670897 29.356945399475098 0.902376280975342 
398.0 306.0 29.71520042581558 -25.302661984634398 -7.462812908196449 
402.0 306.0 26.337785662841796 -19.87854966468811 -6.751067631149292 
406.0 306.0 20.52935797729492 -16.881887436819078 -12.922752233886719 
410.0 306.0 14.404765215301513 -14.082812296485901 -19.851762505340574 
422.0 306.0 16.350976946258545 12.665459937286377 14.632567555999756 
426.0 306.0 13.695769494628905 18.2973156665802 16.789411651611328 
430.0 306.0 8.864505714035033 22.086294124031067 13.170404541015625 
434.0 306.0 1.9532606857299806 24.27386657218933 4.217250708770752 
438.0 306.0 -2.2875285489082335 28.65938583831787 2.2781151573181155 
442.0 306.0 -6.858444331741333 32.81328994064331 -0.4811665199279789 
402.0 310.0 28.971548147583007 -18.78706541748047 -15.42785248413086 
406.0 310.0 22.577816076660156 -16.32082748503685 -23.308551641845703 
410.0 310.0 17.715104928588868 -12.250877389526368 -26.688823859405517 
414.0 310.0 15.170760019683836 -5.985006575012207 -23.531797509002686 
418.0 310.0 13.410455772781372 0.8980404232025148 -18.312914167022704 
430.0 310.0 10.060574524879456 22.383705200958254 1.606609522819519 
434.0 310.0 6.443519943237305 27.261154236602785 1.2954841847419738 
438.0 310.0 2.4604767494201667 31.84081417541504 0.01042789173126224 
442.0 310.0 -2.0377513156890865 36.03867346076965 -2.601089157867432 
402.0 314.0 27.404779425239564 -22.013309487915038 -36.757362525177 
406.0 314.0 25.763967564678193 -14.656162271118164 -30.644338588428496 
410.0 314.0 22.14830004272461 -9.350115785217286 -30.417600552749633 
414.0 314.0 19.222230895423888 -3.4307920974731445 -28.260625819969178 
418.0 314.0 16.09664140548706 2.240194078063965 -26.74805448513031 
422.0 314.0 12.558969493579864 7.496405215454102 -26.447868421554567 
430.0 314.0 8.000380348587036 19.990312532043458 -19.113735314178466 
434.0 314.0 9.292521438980103 28.94220725440979 -6.021128182220458 
438.0 314.0 6.077841720962525 34.15175238990784 -5.222100739288329 
442.0 314.0 1.3832417739868168 38.22015380887985 -8.353708185958862 
402.0 318.0 32.61091622810364 -18.342025722503664 -38.34781250839234 
406.0 318.0 30.248502603149415 -11.710854539489747 -34.263915936660766 
410.0 318.0 27.600433459854127 -5.465757379150391 -31.157497416448592 
414.0 318.0 24.78196512069702 0.5316280084609986 -28.65557859401703 
418.0 318.0 21.027524962091444 5.605356450653076 -28.933441142845155 
422.0 318.0 16.886772092056276 10.321249098968506 -30.329616501808168 
426.0 318.0 13.664730075371265 15.822661431026459 -29.147346496462823 
430.0 318.0 12.449358003950119 22.932375184631347 -22.466228479385375 
434.0 318.0 10.39307599029541 29.22187995109558 -18.270576232910155 
438.0 318.0 7.06344272890091 34.42702118301392 -17.643239979553222 
402.0 322.0 37.08434674243927 -15.421053881883621 -42.11957154159546 
406.0 322.0 34.709285902786256 -8.789946369934082 -37.96259311180115 
410.0 322.0 31.834665345954896 -2.7551577613830567 -35.446605477142334 
414.0 322.0 28.93277184944153 3.1779131366729736 -33.10743740539551 
418.0 322.0 25.00950418319702 8.109430547332764 -33.8480187461853 
